# ODEs: 1
# threads: 1
1.000000000000000e-03	8.889087808267661e+02
2.000000000000000e-03	8.889726027531489e+02
3.000000000000000e-03	8.890143887229212e+02
4.000000000000000e-03	8.890497340629868e+02
5.000000000000000e-03	8.890824826510205e+02
6.000000000000000e-03	8.891140440838527e+02
7.000000000000000e-03	8.891450410174995e+02
8.000000000000000e-03	8.891757808714686e+02
9.000000000000001e-03	8.892064284886627e+02
1.000000000000000e-02	8.892370730176268e+02
1.100000000000000e-02	8.892677648114956e+02
1.200000000000000e-02	8.892985330293750e+02
1.300000000000000e-02	8.893293943931387e+02
1.400000000000000e-02	8.893603591922584e+02
1.500000000000000e-02	8.893914330632332e+02
1.600000000000000e-02	8.894226209816322e+02
1.700000000000000e-02	8.894539253012117e+02
1.800000000000000e-02	8.894853471432091e+02
1.900000000000000e-02	8.895168871674111e+02
2.000000000000000e-02	8.895485486135677e+02
2.100000000000000e-02	8.895803324888595e+02
2.200000000000000e-02	8.896122342964201e+02
2.300000000000000e-02	8.896442544430249e+02
2.400000000000000e-02	8.896763934054479e+02
2.500000000000000e-02	8.897086516495258e+02
2.600000000000000e-02	8.897410296354570e+02
2.700000000000000e-02	8.897735278210105e+02
2.800000000000000e-02	8.898061466634683e+02
2.900000000000000e-02	8.898388866208035e+02
3.000000000000000e-02	8.898717481523938e+02
3.100000000000000e-02	8.899047317194556e+02
3.200000000000000e-02	8.899378377853064e+02
3.300000000000000e-02	8.899710668155268e+02
3.400000000000000e-02	8.900044192780592e+02
3.500000000000000e-02	8.900378956432708e+02
3.600000000000000e-02	8.900714963839932e+02
3.700000000000000e-02	8.901052219755503e+02
3.800000000000000e-02	8.901390728957778e+02
3.900000000000000e-02	8.901730496250389e+02
4.000000000000000e-02	8.902071524895323e+02
4.100000000000000e-02	8.902413818491356e+02
4.200000000000000e-02	8.902757381967032e+02
4.300000000000000e-02	8.903102220278802e+02
4.400000000000000e-02	8.903448338408649e+02
4.500000000000000e-02	8.903795741363305e+02
4.600000000000000e-02	8.904144434174923e+02
4.700000000000000e-02	8.904494421900706e+02
4.800000000000000e-02	8.904845709623713e+02
4.900000000000000e-02	8.905198302452599e+02
5.000000000000000e-02	8.905552205522087e+02
5.100000000000000e-02	8.905907423992743e+02
5.200000000000000e-02	8.906263963050875e+02
5.300000000000000e-02	8.906621827909443e+02
5.400000000000000e-02	8.906981023807764e+02
5.500000000000000e-02	8.907341556012213e+02
5.600000000000000e-02	8.907703429815206e+02
5.700000000000000e-02	8.908066650536277e+02
5.800000000000000e-02	8.908431223522422e+02
5.900000000000000e-02	8.908797154147566e+02
6.000000000000000e-02	8.909164447812602e+02
6.100000000000000e-02	8.909533109946759e+02
6.200000000000000e-02	8.909903146006670e+02
6.300000000000000e-02	8.910274561476560e+02
6.400000000000000e-02	8.910647361869466e+02
6.500000000000000e-02	8.911021552726017e+02
6.600000000000000e-02	8.911397139615900e+02
6.700000000000000e-02	8.911774128137389e+02
6.800000000000000e-02	8.912152523917575e+02
6.900000000000001e-02	8.912532332613278e+02
7.000000000000001e-02	8.912913559910354e+02
7.100000000000001e-02	8.913296211524729e+02
7.200000000000001e-02	8.913680293203054e+02
7.300000000000000e-02	8.914065810722319e+02
7.400000000000000e-02	8.914452769890972e+02
7.500000000000000e-02	8.914841176549041e+02
7.600000000000000e-02	8.915231036569805e+02
7.700000000000000e-02	8.915622355859723e+02
7.800000000000000e-02	8.916015140359399e+02
7.900000000000000e-02	8.916409396046702e+02
8.000000000000000e-02	8.916805128936154e+02
8.100000000000000e-02	8.917202345082561e+02
8.200000000000000e-02	8.917601050584753e+02
8.300000000000000e-02	8.918001251588245e+02
8.400000000000001e-02	8.918402954292444e+02
8.500000000000001e-02	8.918806164955979e+02
8.600000000000001e-02	8.919210889906510e+02
8.700000000000001e-02	8.919617135542915e+02
8.799999999999999e-02	8.920024908301332e+02
8.900000000000000e-02	8.920434214409471e+02
9.000000000000000e-02	8.920845056370380e+02
9.100000000000000e-02	8.921257439520423e+02
9.200000000000000e-02	8.921671370220938e+02
9.300000000000000e-02	8.922086854869019e+02
9.400000000000000e-02	8.922503899897771e+02
9.500000000000000e-02	8.922922511776595e+02
9.600000000000000e-02	8.923342697011484e+02
9.700000000000000e-02	8.923764462145323e+02
9.800000000000000e-02	8.924187813758184e+02
9.900000000000000e-02	8.924612758467634e+02
1.000000000000000e-01	8.925039302929044e+02
1.010000000000000e-01	8.925467453835886e+02
1.020000000000000e-01	8.925897217920059e+02
1.030000000000000e-01	8.926328601952199e+02
1.040000000000000e-01	8.926761612742002e+02
1.050000000000000e-01	8.927196257138546e+02
1.060000000000000e-01	8.927632542030611e+02
1.070000000000000e-01	8.928070474347018e+02
1.080000000000000e-01	8.928510061056951e+02
1.090000000000000e-01	8.928951309170308e+02
1.100000000000000e-01	8.929394225738027e+02
1.110000000000000e-01	8.929838817852444e+02
1.120000000000000e-01	8.930285092647624e+02
1.130000000000000e-01	8.930733057299730e+02
1.140000000000000e-01	8.931182719027362e+02
1.150000000000000e-01	8.931634085091924e+02
1.160000000000000e-01	8.932087162797990e+02
1.170000000000000e-01	8.932541959493662e+02
1.180000000000000e-01	8.932998482570949e+02
1.190000000000000e-01	8.933456739466136e+02
1.200000000000000e-01	8.933916737660161e+02
1.210000000000000e-01	8.934378484679003e+02
1.220000000000000e-01	8.934841988094067e+02
1.230000000000000e-01	8.935307255522578e+02
1.240000000000000e-01	8.935774294627969e+02
1.250000000000000e-01	8.936243113120289e+02
1.260000000000000e-01	8.936713718756602e+02
1.270000000000000e-01	8.937186119341394e+02
1.280000000000000e-01	8.937660322726997e+02
1.290000000000000e-01	8.938136336813993e+02
1.300000000000000e-01	8.938614169551646e+02
1.310000000000000e-01	8.939093825694694e+02
1.320000000000000e-01	8.939575315241187e+02
1.330000000000000e-01	8.940058642879021e+02
1.340000000000000e-01	8.940543814793551e+02
1.350000000000000e-01	8.941030837020862e+02
1.360000000000000e-01	8.941519716712806e+02
1.370000000000000e-01	8.942010462323356e+02
1.380000000000000e-01	8.942503082913986e+02
1.390000000000000e-01	8.942997587533857e+02
1.400000000000000e-01	8.943493985046891e+02
1.410000000000000e-01	8.943992284181408e+02
1.420000000000000e-01	8.944492493606095e+02
1.430000000000000e-01	8.944994621984104e+02
1.440000000000000e-01	8.945498677997761e+02
1.450000000000000e-01	8.946004670365912e+02
1.460000000000000e-01	8.946512607849158e+02
1.470000000000000e-01	8.947022499257406e+02
1.480000000000000e-01	8.947534353451406e+02
1.490000000000000e-01	8.948048179345989e+02
1.500000000000000e-01	8.948563985911180e+02
1.510000000000000e-01	8.949081782174861e+02
1.520000000000000e-01	8.949601577223825e+02
1.530000000000000e-01	8.950123380204162e+02
1.540000000000000e-01	8.950647200322555e+02
1.550000000000000e-01	8.951173046847279e+02
1.560000000000000e-01	8.951700929108827e+02
1.570000000000000e-01	8.952230856500528e+02
1.580000000000000e-01	8.952762838479588e+02
1.590000000000000e-01	8.953296884568362e+02
1.600000000000000e-01	8.953833004353222e+02
1.610000000000000e-01	8.954371207486981e+02
1.620000000000000e-01	8.954911503688559e+02
1.630000000000000e-01	8.955453902743543e+02
1.640000000000000e-01	8.955998414504656e+02
1.650000000000000e-01	8.956545048893579e+02
1.660000000000000e-01	8.957093815900095e+02
1.670000000000000e-01	8.957644725584080e+02
1.680000000000000e-01	8.958197788073873e+02
1.690000000000000e-01	8.958753013569626e+02
1.700000000000000e-01	8.959310412341873e+02
1.710000000000000e-01	8.959869994733523e+02
1.720000000000000e-01	8.960431771158607e+02
1.730000000000000e-01	8.960995752105910e+02
1.740000000000000e-01	8.961561948136393e+02
1.750000000000000e-01	8.962130369886187e+02
1.760000000000000e-01	8.962701028065665e+02
1.770000000000000e-01	8.963273933460941e+02
1.780000000000000e-01	8.963849096934774e+02
1.790000000000000e-01	8.964426529426665e+02
1.800000000000000e-01	8.965006241953309e+02
1.810000000000000e-01	8.965588245610471e+02
1.820000000000000e-01	8.966172551572611e+02
1.830000000000000e-01	8.966759171093991e+02
1.840000000000000e-01	8.967348115509247e+02
1.850000000000000e-01	8.967939396234740e+02
1.860000000000000e-01	8.968533024768431e+02
1.870000000000000e-01	8.969129012691650e+02
1.880000000000000e-01	8.969727371668498e+02
1.890000000000000e-01	8.970328113448372e+02
1.900000000000000e-01	8.970931249864992e+02
1.910000000000000e-01	8.971536792839051e+02
1.920000000000000e-01	8.972144754377383e+02
1.930000000000000e-01	8.972755146574806e+02
1.940000000000000e-01	8.973367981614703e+02
1.950000000000000e-01	8.973983271770157e+02
1.960000000000000e-01	8.974601029403904e+02
1.970000000000000e-01	8.975221266970474e+02
1.980000000000000e-01	8.975843997016717e+02
1.990000000000000e-01	8.976469232182322e+02
2.000000000000000e-01	8.977096985201011e+02
2.010000000000000e-01	8.977727268900818e+02
2.020000000000000e-01	8.978360096207242e+02
2.030000000000000e-01	8.978995480141338e+02
2.040000000000000e-01	8.979633433822847e+02
2.050000000000000e-01	8.980273970469934e+02
2.060000000000000e-01	8.980917103401293e+02
2.070000000000000e-01	8.981562846036386e+02
2.080000000000000e-01	8.982211211896606e+02
2.090000000000000e-01	8.982862214606881e+02
2.100000000000000e-01	8.983515867896019e+02
2.110000000000000e-01	8.984172185598416e+02
2.120000000000000e-01	8.984831181654840e+02
2.130000000000000e-01	8.985492870113518e+02
2.140000000000000e-01	8.986157265131536e+02
2.150000000000000e-01	8.986824380976032e+02
2.160000000000000e-01	8.987494232025215e+02
2.170000000000000e-01	8.988166832769266e+02
2.180000000000000e-01	8.988842197812710e+02
2.190000000000000e-01	8.989520341874080e+02
2.200000000000000e-01	8.990201279788081e+02
2.210000000000000e-01	8.990885026507005e+02
2.220000000000000e-01	8.991571597101643e+02
2.230000000000000e-01	8.992261006762272e+02
2.240000000000000e-01	8.992953270801027e+02
2.250000000000000e-01	8.993648404652507e+02
2.260000000000000e-01	8.994346423875005e+02
2.270000000000000e-01	8.995047344152218e+02
2.280000000000000e-01	8.995751181294634e+02
2.290000000000000e-01	8.996457951241043e+02
2.300000000000000e-01	8.997167670059499e+02
2.310000000000000e-01	8.997880353949795e+02
2.320000000000000e-01	8.998596019243749e+02
2.330000000000000e-01	8.999314682407486e+02
2.340000000000000e-01	9.000036360042557e+02
2.350000000000000e-01	9.000761068887991e+02
2.360000000000000e-01	9.001488825821558e+02
2.370000000000000e-01	9.002219647861157e+02
2.380000000000000e-01	9.002953552166717e+02
2.390000000000000e-01	9.003690556041905e+02
2.400000000000000e-01	9.004430676935917e+02
2.410000000000000e-01	9.005173932444577e+02
2.420000000000000e-01	9.005920340312801e+02
2.430000000000000e-01	9.006669918435550e+02
2.440000000000000e-01	9.007422684860586e+02
2.450000000000000e-01	9.008178657789289e+02
2.460000000000000e-01	9.008937855579071e+02
2.470000000000000e-01	9.009700296745168e+02
2.480000000000000e-01	9.010465999962349e+02
2.490000000000000e-01	9.011234984066961e+02
2.500000000000000e-01	9.012007268058944e+02
2.510000000000000e-01	9.012782871103458e+02
2.520000000000000e-01	9.013561812533138e+02
2.530000000000000e-01	9.014344111850377e+02
2.540000000000000e-01	9.015129788728658e+02
2.550000000000000e-01	9.015918863015561e+02
2.560000000000000e-01	9.016711354734023e+02
2.570000000000000e-01	9.017507284085174e+02
2.580000000000000e-01	9.018306671450104e+02
2.590000000000000e-01	9.019109537392168e+02
2.600000000000000e-01	9.019915902659416e+02
2.610000000000000e-01	9.020725788186733e+02
2.620000000000000e-01	9.021539215098178e+02
2.630000000000000e-01	9.022356204709439e+02
2.640000000000000e-01	9.023176778530076e+02
2.650000000000000e-01	9.024000958266108e+02
2.660000000000000e-01	9.024828765822461e+02
2.670000000000000e-01	9.025660223305404e+02
2.680000000000000e-01	9.026495353025275e+02
2.690000000000000e-01	9.027334177498910e+02
2.700000000000000e-01	9.028176719452174e+02
2.710000000000000e-01	9.029023001823115e+02
2.720000000000000e-01	9.029873047764214e+02
2.730000000000000e-01	9.030726880645304e+02
2.740000000000000e-01	9.031584524056507e+02
2.750000000000000e-01	9.032446001810804e+02
2.760000000000000e-01	9.033311337947381e+02
2.770000000000000e-01	9.034180556734235e+02
2.780000000000000e-01	9.035053682671248e+02
2.790000000000000e-01	9.035930740493170e+02
2.800000000000000e-01	9.036811755172999e+02
2.810000000000000e-01	9.037696751924865e+02
2.820000000000000e-01	9.038585756207314e+02
2.830000000000000e-01	9.039478793726537e+02
2.840000000000000e-01	9.040375890439783e+02
2.850000000000000e-01	9.041277072558603e+02
2.860000000000000e-01	9.042182366552331e+02
2.870000000000000e-01	9.043091799151690e+02
2.880000000000000e-01	9.044005397352023e+02
2.890000000000000e-01	9.044923188417379e+02
2.900000000000000e-01	9.045845199883515e+02
2.910000000000000e-01	9.046771459562350e+02
2.920000000000000e-01	9.047701995545175e+02
2.930000000000000e-01	9.048636836206783e+02
2.940000000000000e-01	9.049576010209377e+02
2.950000000000000e-01	9.050519546506559e+02
2.960000000000000e-01	9.051467474347299e+02
2.970000000000000e-01	9.052419823280172e+02
2.980000000000000e-01	9.053376759641021e+02
2.990000000000000e-01	9.054338143705893e+02
3.000000000000000e-01	9.055304073529132e+02
3.010000000000000e-01	9.056274514588951e+02
3.020000000000000e-01	9.057249558381019e+02
3.030000000000000e-01	9.058229181575975e+02
3.040000000000000e-01	9.059213464886489e+02
3.050000000000000e-01	9.060202397454926e+02
3.060000000000000e-01	9.061196048473984e+02
3.070000000000000e-01	9.062194420365105e+02
3.080000000000000e-01	9.063197570007273e+02
3.090000000000000e-01	9.064205513967988e+02
3.100000000000000e-01	9.065218295957668e+02
3.110000000000000e-01	9.066235947618981e+02
3.120000000000000e-01	9.067258498574356e+02
3.130000000000000e-01	9.068285805919203e+02
3.140000000000000e-01	9.069318259855809e+02
3.150000000000000e-01	9.070355584872676e+02
3.160000000000000e-01	9.071398089950466e+02
3.170000000000000e-01	9.072445565353547e+02
3.180000000000000e-01	9.073498267355760e+02
3.190000000000000e-01	9.074556044173706e+02
3.200000000000000e-01	9.075619092473594e+02
3.210000000000000e-01	9.076687324391037e+02
3.220000000000000e-01	9.077760871912810e+02
3.230000000000000e-01	9.078839715573348e+02
3.240000000000000e-01	9.079923919233407e+02
3.250000000000000e-01	9.081013529833580e+02
3.260000000000000e-01	9.082108551001470e+02
3.270000000000000e-01	9.083209079012096e+02
3.280000000000000e-01	9.084315072955958e+02
3.290000000000000e-01	9.085426702995541e+02
3.300000000000000e-01	9.086543780660521e+02
3.310000000000000e-01	9.087666496960468e+02
3.320000000000000e-01	9.088794898669757e+02
3.330000000000000e-01	9.089929020390741e+02
3.340000000000000e-01	9.091068928539584e+02
3.350000000000000e-01	9.092214613171999e+02
3.360000000000000e-01	9.093366222859908e+02
3.370000000000000e-01	9.094523875837309e+02
3.380000000000000e-01	9.095687339318581e+02
3.390000000000000e-01	9.096856696577552e+02
3.400000000000000e-01	9.098032194646121e+02
3.410000000000000e-01	9.099213739381655e+02
3.420000000000000e-01	9.100401462655484e+02
3.430000000000000e-01	9.101595376088389e+02
3.440000000000000e-01	9.102795535533220e+02
3.450000000000000e-01	9.104001985372566e+02
3.460000000000000e-01	9.105214778552042e+02
3.470000000000000e-01	9.106433963591322e+02
3.480000000000000e-01	9.107659587242332e+02
3.490000000000000e-01	9.108891684708052e+02
3.500000000000000e-01	9.110130244860226e+02
3.510000000000000e-01	9.111375531296602e+02
3.520000000000000e-01	9.112627397002036e+02
3.530000000000000e-01	9.113886110921269e+02
3.540000000000000e-01	9.115151546135696e+02
3.550000000000000e-01	9.116423665066607e+02
3.560000000000000e-01	9.117702818992392e+02
3.570000000000000e-01	9.118989180463750e+02
3.580000000000000e-01	9.120282297640432e+02
3.590000000000000e-01	9.121582681520138e+02
3.600000000000000e-01	9.122889992870323e+02
3.610000000000000e-01	9.124204607148264e+02
3.620000000000000e-01	9.125526362464474e+02
3.630000000000000e-01	9.126855483181162e+02
3.640000000000000e-01	9.128191938506576e+02
3.650000000000000e-01	9.129535841871502e+02
3.660000000000000e-01	9.130887259083484e+02
3.670000000000000e-01	9.132246222210292e+02
3.680000000000000e-01	9.133612870120820e+02
3.690000000000000e-01	9.134987231030664e+02
3.700000000000000e-01	9.136369764732918e+02
3.710000000000000e-01	9.137759781073605e+02
3.720000000000000e-01	9.139158108177044e+02
3.730000000000000e-01	9.140564058788656e+02
3.740000000000000e-01	9.141978463963757e+02
3.750000000000000e-01	9.143400646259972e+02
3.760000000000000e-01	9.144831433649218e+02
3.770000000000000e-01	9.146270152606966e+02
3.780000000000000e-01	9.147717634151338e+02
3.790000000000000e-01	9.149173203461411e+02
3.800000000000000e-01	9.150637699846569e+02
3.810000000000000e-01	9.152110780654756e+02
3.820000000000000e-01	9.153592587920864e+02
3.830000000000000e-01	9.155083205440727e+02
3.840000000000000e-01	9.156582719243542e+02
3.850000000000000e-01	9.158091216608733e+02
3.860000000000000e-01	9.159608786136904e+02
3.870000000000000e-01	9.161135517774875e+02
3.880000000000000e-01	9.162671502843629e+02
3.890000000000000e-01	9.164216834066565e+02
3.900000000000000e-01	9.165771605598695e+02
3.910000000000000e-01	9.167335913056472e+02
3.920000000000000e-01	9.168909853548435e+02
3.930000000000000e-01	9.170493525706677e+02
3.940000000000000e-01	9.172087029719158e+02
3.950000000000000e-01	9.173690467362810e+02
3.960000000000000e-01	9.175303942037614e+02
3.970000000000000e-01	9.176927558801527e+02
3.980000000000000e-01	9.178561424406400e+02
3.990000000000000e-01	9.180205647334838e+02
4.000000000000000e-01	9.181860337838109e+02
4.010000000000000e-01	9.183525607975067e+02
4.020000000000000e-01	9.185201571652195e+02
4.030000000000000e-01	9.186888344664661e+02
4.040000000000000e-01	9.188586044738616e+02
4.050000000000000e-01	9.190294791574697e+02
4.060000000000000e-01	9.192014706892684e+02
4.070000000000000e-01	9.193745914477468e+02
4.080000000000000e-01	9.195488540226338e+02
4.090000000000000e-01	9.197242712197623e+02
4.100000000000000e-01	9.199008560660768e+02
4.110000000000000e-01	9.200786218147800e+02
4.120000000000000e-01	9.202575819506386e+02
4.130000000000000e-01	9.204377501954406e+02
4.140000000000000e-01	9.206191405136135e+02
4.150000000000000e-01	9.208017671180149e+02
4.160000000000000e-01	9.209856444758934e+02
4.170000000000000e-01	9.211707873150293e+02
4.180000000000000e-01	9.213572106300632e+02
4.190000000000000e-01	9.215449296890174e+02
4.200000000000000e-01	9.217339600400176e+02
4.210000000000000e-01	9.219243175182229e+02
4.220000000000000e-01	9.221160182529734e+02
4.230000000000000e-01	9.223090786751560e+02
4.240000000000000e-01	9.225035155248103e+02
4.250000000000000e-01	9.226993458589700e+02
4.260000000000000e-01	9.228965870597563e+02
4.270000000000000e-01	9.230952568427324e+02
4.280000000000000e-01	9.232953732655275e+02
4.290000000000000e-01	9.234969547367411e+02
4.300000000000000e-01	9.237000200251402e+02
4.310000000000000e-01	9.239045882691596e+02
4.320000000000000e-01	9.241106789867167e+02
4.330000000000000e-01	9.243183120853558e+02
4.340000000000000e-01	9.245275078727335e+02
4.350000000000000e-01	9.247382870674594e+02
4.360000000000000e-01	9.249506708103062e+02
4.370000000000000e-01	9.251646806758058e+02
4.380000000000000e-01	9.253803386842465e+02
4.390000000000000e-01	9.255976665721453e+02
4.400000000000000e-01	9.258166887655046e+02
4.410000000000000e-01	9.260374187266830e+02
4.420000000000000e-01	9.262598988161106e+02
4.430000000000000e-01	9.264841250539101e+02
4.440000000000000e-01	9.267101607726885e+02
4.450000000000000e-01	9.269379836146072e+02
4.460000000000000e-01	9.271676769696094e+02
4.470000000000000e-01	9.273992008237059e+02
4.480000000000000e-01	9.276326583527534e+02
4.490000000000000e-01	9.278679920745849e+02
4.500000000000000e-01	9.281053251179455e+02
4.510000000000000e-01	9.283445824161525e+02
4.520000000000000e-01	9.285859074099686e+02
4.530000000000000e-01	9.288292071892693e+02
4.540000000000000e-01	9.290746459821933e+02
4.550000000000000e-01	9.293221126861790e+02
4.560000000000000e-01	9.295717928811629e+02
4.570000000000000e-01	9.298235568554413e+02
4.580000000000000e-01	9.300776121790423e+02
4.590000000000000e-01	9.303338100539984e+02
4.600000000000000e-01	9.305923807558549e+02
4.610000000000000e-01	9.308531558672390e+02
4.620000000000000e-01	9.311163755669760e+02
4.630000000000000e-01	9.313819264874800e+02
4.640000000000000e-01	9.316499720406534e+02
4.650000000000000e-01	9.319203835160794e+02
4.660000000000000e-01	9.321933712858786e+02
4.670000000000000e-01	9.324689040050905e+02
4.680000000000000e-01	9.327470353408833e+02
4.690000000000000e-01	9.330277983165594e+02
4.700000000000000e-01	9.333112463652254e+02
4.710000000000000e-01	9.335974215116704e+02
4.720000000000000e-01	9.338863729451131e+02
4.730000000000000e-01	9.341781488573785e+02
4.740000000000000e-01	9.344727990564813e+02
4.750000000000000e-01	9.347703745289112e+02
4.760000000000000e-01	9.350709276883390e+02
4.770000000000000e-01	9.353745126651841e+02
4.780000000000000e-01	9.356811856761691e+02
4.790000000000000e-01	9.359910053570401e+02
4.800000000000000e-01	9.363040329022783e+02
4.810000000000000e-01	9.366203319491112e+02
4.820000000000000e-01	9.369399820653286e+02
4.830000000000000e-01	9.372631288839759e+02
4.840000000000000e-01	9.375896700489322e+02
4.850000000000000e-01	9.379197544461458e+02
4.860000000000000e-01	9.382535632062677e+02
4.870000000000000e-01	9.385909968713764e+02
4.880000000000000e-01	9.389323092124472e+02
4.890000000000000e-01	9.392773506995103e+02
4.900000000000000e-01	9.396264470240660e+02
4.910000000000000e-01	9.399794602515706e+02
4.920000000000000e-01	9.403367084043839e+02
4.930000000000000e-01	9.406980167993194e+02
4.940000000000000e-01	9.410634673547088e+02
4.950000000000000e-01	9.414334073542925e+02
4.960000000000000e-01	9.418078315880664e+02
4.970000000000000e-01	9.421868454437426e+02
4.980000000000000e-01	9.425705560246616e+02
4.990000000000000e-01	9.429590742411633e+02
5.000000000000000e-01	9.433525150531887e+02
5.010000000000000e-01	9.437509976804772e+02
5.020000000000000e-01	9.441546492402045e+02
5.030000000000000e-01	9.445636381159501e+02
5.040000000000000e-01	9.449780194061251e+02
5.050000000000000e-01	9.453980055783328e+02
5.060000000000000e-01	9.458236633465106e+02
5.070000000000000e-01	9.462552585033421e+02
5.080000000000000e-01	9.466927934454073e+02
5.090000000000000e-01	9.471366484147242e+02
5.100000000000000e-01	9.475867316462039e+02
5.110000000000000e-01	9.480433609593819e+02
5.120000000000000e-01	9.485068562327511e+02
5.130000000000000e-01	9.489771036527842e+02
5.140000000000000e-01	9.494543880437732e+02
5.150000000000000e-01	9.499389864320619e+02
5.160000000000000e-01	9.504311069812978e+02
5.170000000000000e-01	9.509309775800857e+02
5.180000000000000e-01	9.514388366775518e+02
5.190000000000000e-01	9.519549340652646e+02
5.200000000000000e-01	9.524795316004856e+02
5.210000000000000e-01	9.530129053755059e+02
5.220000000000000e-01	9.535555221066994e+02
5.230000000000000e-01	9.541075100421174e+02
5.240000000000000e-01	9.546691752838490e+02
5.250000000000000e-01	9.552408415655524e+02
5.260000000000000e-01	9.558228530939105e+02
5.270000000000000e-01	9.564155581806502e+02
5.280000000000000e-01	9.570193540296942e+02
5.290000000000000e-01	9.576349121146513e+02
5.300000000000000e-01	9.582623624358923e+02
5.310000000000000e-01	9.589021942150063e+02
5.320000000000000e-01	9.595552088801057e+02
5.330000000000000e-01	9.602214608518805e+02
5.340000000000000e-01	9.609017942873244e+02
5.350000000000000e-01	9.615967722797469e+02
5.360000000000000e-01	9.623070287034566e+02
5.370000000000000e-01	9.630332418983755e+02
5.380000000000000e-01	9.637761376281343e+02
5.390000000000000e-01	9.645364936901217e+02
5.400000000000000e-01	9.653151469131860e+02
5.410000000000000e-01	9.661130362352636e+02
5.420000000000000e-01	9.669310498308167e+02
5.430000000000000e-01	9.677704527213220e+02
5.440000000000000e-01	9.686322219735640e+02
5.450000000000000e-01	9.695175097521025e+02
5.460000000000000e-01	9.704275756769623e+02
5.470000000000000e-01	9.713640855995798e+02
5.480000000000000e-01	9.723286172620748e+02
5.490000000000000e-01	9.733227383172181e+02
5.500000000000000e-01	9.743485078275671e+02
5.510000000000000e-01	9.754082659814749e+02
5.520000000000000e-01	9.765041500875536e+02
5.530000000000000e-01	9.776388396383489e+02
5.540000000000000e-01	9.788152462912426e+02
5.550000000000000e-01	9.800367807876062e+02
5.560000000000000e-01	9.813072126559551e+02
5.570000000000001e-01	9.826308994906357e+02
5.580000000000001e-01	9.840128009018370e+02
5.590000000000001e-01	9.854586880203466e+02
5.600000000000001e-01	9.869753186830687e+02
5.610000000000001e-01	9.885706585855550e+02
5.620000000000001e-01	9.902542948984782e+02
5.630000000000001e-01	9.920378378715793e+02
5.640000000000001e-01	9.939356199468659e+02
5.650000000000001e-01	9.959657446786880e+02
5.660000000000001e-01	9.981514527859129e+02
5.670000000000001e-01	1.000523379219627e+03
5.680000000000001e-01	1.003123596514669e+03
5.690000000000001e-01	1.006011280984147e+03
5.700000000000001e-01	1.009274244456263e+03
5.710000000000001e-01	1.013048097725882e+03
5.720000000000001e-01	1.017548146165823e+03
5.730000000000001e-01	1.023100049852963e+03
5.740000000000001e-01	1.030017426030089e+03
5.750000000000001e-01	1.037850024778081e+03
5.760000000000001e-01	1.044700836671226e+03
5.770000000000000e-01	1.049255461416999e+03
5.780000000000000e-01	1.051934018880811e+03
5.790000000000000e-01	1.053510020460222e+03
5.800000000000000e-01	1.054478796928751e+03
5.810000000000000e-01	1.055104038078375e+03
5.820000000000000e-01	1.055525422720258e+03
5.830000000000000e-01	1.055819798602298e+03
5.840000000000000e-01	1.056031691465024e+03
5.850000000000000e-01	1.056187983504272e+03
5.860000000000000e-01	1.056305686167202e+03
5.870000000000000e-01	1.056395909389860e+03
5.880000000000000e-01	1.056466138946409e+03
5.890000000000000e-01	1.056521507282786e+03
5.900000000000000e-01	1.056565752100489e+03
5.910000000000000e-01	1.056601440108446e+03
5.920000000000000e-01	1.056630487656743e+03
5.930000000000000e-01	1.056654408779869e+03
5.940000000000000e-01	1.056674241313315e+03
5.950000000000000e-01	1.056690812969417e+03
5.960000000000000e-01	1.056704749746023e+03
5.970000000000000e-01	1.056716546500905e+03
5.980000000000000e-01	1.056726617316648e+03
5.990000000000000e-01	1.056735233326244e+03
6.000000000000000e-01	1.056742663446417e+03
6.010000000000000e-01	1.056749100814491e+03
6.020000000000000e-01	1.056754712735388e+03
6.030000000000000e-01	1.056759621881744e+03
6.040000000000000e-01	1.056763947536065e+03
6.050000000000000e-01	1.056767771697411e+03
6.060000000000000e-01	1.056771161736875e+03
6.070000000000000e-01	1.056774178505586e+03
6.080000000000000e-01	1.056776873360137e+03
6.090000000000000e-01	1.056779289572411e+03
6.100000000000000e-01	1.056781455491085e+03
6.110000000000000e-01	1.056783418447107e+03
6.120000000000000e-01	1.056785191167706e+03
6.130000000000000e-01	1.056786798395843e+03
6.140000000000000e-01	1.056788265016629e+03
6.150000000000000e-01	1.056789605526152e+03
6.160000000000000e-01	1.056790834742838e+03
6.170000000000000e-01	1.056791964795385e+03
6.180000000000000e-01	1.056793006259822e+03
6.190000000000000e-01	1.056793968379879e+03
6.200000000000000e-01	1.056794859257339e+03
6.210000000000000e-01	1.056795686012152e+03
6.220000000000000e-01	1.056796454917626e+03
6.230000000000000e-01	1.056797171514944e+03
6.240000000000000e-01	1.056797840710465e+03
6.250000000000000e-01	1.056798466858639e+03
6.260000000000000e-01	1.056799053832872e+03
6.270000000000000e-01	1.056799605086257e+03
6.280000000000000e-01	1.056800123703761e+03
6.290000000000000e-01	1.056800612447185e+03
6.300000000000000e-01	1.056801074735255e+03
6.310000000000000e-01	1.056801509865166e+03
6.320000000000000e-01	1.056801923325582e+03
6.330000000000000e-01	1.056802314873848e+03
6.340000000000000e-01	1.056802686860982e+03
6.350000000000000e-01	1.056803040459560e+03
6.360000000000000e-01	1.056803377202368e+03
6.370000000000000e-01	1.056803698211331e+03
6.380000000000000e-01	1.056804004660544e+03
6.390000000000000e-01	1.056804297531608e+03
6.400000000000000e-01	1.056804577769469e+03
6.410000000000000e-01	1.056804846210690e+03
6.420000000000000e-01	1.056805103635372e+03
6.430000000000000e-01	1.056805350751092e+03
6.440000000000000e-01	1.056805588211118e+03
6.450000000000000e-01	1.056805816614079e+03
6.460000000000000e-01	1.056806036511847e+03
6.470000000000000e-01	1.056806248412636e+03
6.480000000000000e-01	1.056806452785616e+03
6.490000000000000e-01	1.056806650274302e+03
6.500000000000000e-01	1.056806840997691e+03
6.510000000000000e-01	1.056807025391975e+03
6.520000000000000e-01	1.056807203799535e+03
6.530000000000000e-01	1.056807376540103e+03
6.540000000000000e-01	1.056807543910874e+03
6.550000000000000e-01	1.056807706188450e+03
6.560000000000000e-01	1.056807863630544e+03
6.570000000000000e-01	1.056808016477528e+03
6.580000000000000e-01	1.056808164953831e+03
6.590000000000000e-01	1.056808309269215e+03
6.600000000000000e-01	1.056808449619929e+03
6.610000000000000e-01	1.056808586189761e+03
6.620000000000000e-01	1.056808719150995e+03
6.630000000000000e-01	1.056808848665282e+03
6.640000000000000e-01	1.056808974884443e+03
6.650000000000000e-01	1.056809097951190e+03
6.660000000000000e-01	1.056809217999796e+03
6.670000000000000e-01	1.056809335156705e+03
6.680000000000000e-01	1.056809449541089e+03
6.690000000000000e-01	1.056809561265362e+03
6.700000000000000e-01	1.056809670435649e+03
6.710000000000000e-01	1.056809777152223e+03
6.720000000000000e-01	1.056809881509898e+03
6.730000000000000e-01	1.056809983598399e+03
6.740000000000000e-01	1.056810083502699e+03
6.750000000000000e-01	1.056810181303331e+03
6.760000000000000e-01	1.056810277076674e+03
6.770000000000000e-01	1.056810370895224e+03
6.780000000000000e-01	1.056810462827835e+03
6.790000000000000e-01	1.056810552939949e+03
6.800000000000000e-01	1.056810641293804e+03
6.810000000000000e-01	1.056810727948634e+03
6.820000000000001e-01	1.056810812960847e+03
6.830000000000001e-01	1.056810896384194e+03
6.840000000000001e-01	1.056810978269924e+03
6.850000000000001e-01	1.056811058666930e+03
6.860000000000001e-01	1.056811137621881e+03
6.870000000000001e-01	1.056811215179348e+03
6.880000000000001e-01	1.056811291381921e+03
6.890000000000001e-01	1.056811366270310e+03
6.900000000000001e-01	1.056811439883443e+03
6.910000000000001e-01	1.056811512258553e+03
6.920000000000001e-01	1.056811583431251e+03
6.930000000000001e-01	1.056811653435556e+03
6.940000000000001e-01	1.056811722318957e+03
6.950000000000001e-01	1.056811790112835e+03
6.960000000000001e-01	1.056811856846864e+03
6.970000000000001e-01	1.056811922549565e+03
6.980000000000001e-01	1.056811987248362e+03
6.990000000000001e-01	1.056812050969635e+03
7.000000000000001e-01	1.056812113738772e+03
7.010000000000001e-01	1.056812175580220e+03
7.020000000000001e-01	1.056812236517522e+03
7.030000000000001e-01	1.056812296573369e+03
7.040000000000000e-01	1.056812355769633e+03
7.050000000000000e-01	1.056812414127408e+03
7.060000000000000e-01	1.056812471667047e+03
7.070000000000000e-01	1.056812528408193e+03
7.080000000000000e-01	1.056812584369812e+03
7.090000000000000e-01	1.056812639570222e+03
7.100000000000000e-01	1.056812694027127e+03
7.110000000000000e-01	1.056812747757637e+03
7.120000000000000e-01	1.056812800778295e+03
7.130000000000000e-01	1.056812853105107e+03
7.140000000000000e-01	1.056812904753558e+03
7.150000000000000e-01	1.056812955738636e+03
7.160000000000000e-01	1.056813006074855e+03
7.170000000000000e-01	1.056813055776274e+03
7.180000000000000e-01	1.056813104856586e+03
7.190000000000000e-01	1.056813153328906e+03
7.200000000000000e-01	1.056813201206040e+03
7.210000000000000e-01	1.056813248500400e+03
7.220000000000000e-01	1.056813295224024e+03
7.230000000000000e-01	1.056813341388596e+03
7.240000000000000e-01	1.056813387005455e+03
7.250000000000000e-01	1.056813432085610e+03
7.260000000000000e-01	1.056813476639754e+03
7.270000000000000e-01	1.056813520678272e+03
7.280000000000000e-01	1.056813564211257e+03
7.290000000000000e-01	1.056813607248519e+03
7.300000000000000e-01	1.056813649799594e+03
7.310000000000000e-01	1.056813691873755e+03
7.320000000000000e-01	1.056813733480023e+03
7.330000000000000e-01	1.056813774627173e+03
7.340000000000000e-01	1.056813815323746e+03
7.350000000000000e-01	1.056813855578054e+03
7.360000000000000e-01	1.056813895398192e+03
7.370000000000000e-01	1.056813934792039e+03
7.380000000000000e-01	1.056813973767274e+03
7.390000000000000e-01	1.056814012331375e+03
7.400000000000000e-01	1.056814050491631e+03
7.410000000000000e-01	1.056814088255145e+03
7.420000000000000e-01	1.056814125628844e+03
7.430000000000000e-01	1.056814162619478e+03
7.440000000000000e-01	1.056814199233635e+03
7.450000000000000e-01	1.056814235477738e+03
7.460000000000000e-01	1.056814271358056e+03
7.470000000000000e-01	1.056814306880703e+03
7.480000000000000e-01	1.056814342051652e+03
7.490000000000000e-01	1.056814376876728e+03
7.500000000000000e-01	1.056814411361624e+03
7.510000000000000e-01	1.056814445511895e+03
7.520000000000000e-01	1.056814479332969e+03
7.530000000000000e-01	1.056814512830150e+03
7.540000000000000e-01	1.056814546008618e+03
7.550000000000000e-01	1.056814578873436e+03
7.560000000000000e-01	1.056814611429554e+03
7.570000000000000e-01	1.056814643681809e+03
7.580000000000000e-01	1.056814675634931e+03
7.590000000000000e-01	1.056814707293546e+03
7.600000000000000e-01	1.056814738662178e+03
7.610000000000000e-01	1.056814769745253e+03
7.620000000000000e-01	1.056814800547100e+03
7.630000000000000e-01	1.056814831071956e+03
7.640000000000000e-01	1.056814861323968e+03
7.650000000000000e-01	1.056814891307192e+03
7.660000000000000e-01	1.056814921025602e+03
7.670000000000000e-01	1.056814950483088e+03
7.680000000000000e-01	1.056814979683458e+03
7.690000000000000e-01	1.056815008630441e+03
7.700000000000000e-01	1.056815037327692e+03
7.710000000000000e-01	1.056815065778789e+03
7.720000000000000e-01	1.056815093987238e+03
7.730000000000000e-01	1.056815121956475e+03
7.740000000000000e-01	1.056815149689867e+03
7.750000000000000e-01	1.056815177190714e+03
7.760000000000000e-01	1.056815204462251e+03
7.770000000000000e-01	1.056815231507650e+03
7.780000000000000e-01	1.056815258330018e+03
7.790000000000000e-01	1.056815284932406e+03
7.800000000000000e-01	1.056815311317803e+03
7.810000000000000e-01	1.056815337489143e+03
7.820000000000000e-01	1.056815363449302e+03
7.830000000000000e-01	1.056815389201103e+03
7.840000000000000e-01	1.056815414747316e+03
7.850000000000000e-01	1.056815440090656e+03
7.860000000000000e-01	1.056815465233793e+03
7.870000000000000e-01	1.056815490179342e+03
7.880000000000000e-01	1.056815514929873e+03
7.890000000000000e-01	1.056815539487909e+03
7.900000000000000e-01	1.056815563855925e+03
7.910000000000000e-01	1.056815588036354e+03
7.920000000000000e-01	1.056815612031583e+03
7.930000000000000e-01	1.056815635843957e+03
7.940000000000000e-01	1.056815659475780e+03
7.950000000000000e-01	1.056815682929313e+03
7.960000000000000e-01	1.056815706206780e+03
7.970000000000000e-01	1.056815729310364e+03
7.980000000000000e-01	1.056815752242211e+03
7.990000000000000e-01	1.056815775004430e+03
8.000000000000000e-01	1.056815797599092e+03
8.010000000000000e-01	1.056815820028235e+03
8.020000000000000e-01	1.056815842293860e+03
8.030000000000000e-01	1.056815864397934e+03
8.040000000000000e-01	1.056815886342394e+03
8.050000000000000e-01	1.056815908129140e+03
8.060000000000000e-01	1.056815929760044e+03
8.070000000000001e-01	1.056815951236944e+03
8.080000000000001e-01	1.056815972561649e+03
8.090000000000001e-01	1.056815993735939e+03
8.100000000000001e-01	1.056816014761563e+03
8.110000000000001e-01	1.056816035640243e+03
8.120000000000001e-01	1.056816056373672e+03
8.130000000000001e-01	1.056816076963516e+03
8.140000000000001e-01	1.056816097411416e+03
8.150000000000001e-01	1.056816117718982e+03
8.160000000000001e-01	1.056816137887805e+03
8.170000000000001e-01	1.056816157919445e+03
8.180000000000001e-01	1.056816177815439e+03
8.190000000000001e-01	1.056816197577303e+03
8.200000000000001e-01	1.056816217206526e+03
8.210000000000001e-01	1.056816236704575e+03
8.220000000000001e-01	1.056816256072894e+03
8.230000000000001e-01	1.056816275312904e+03
8.240000000000001e-01	1.056816294426006e+03
8.250000000000001e-01	1.056816313413578e+03
8.260000000000001e-01	1.056816332276979e+03
8.270000000000001e-01	1.056816351017545e+03
8.280000000000001e-01	1.056816369636594e+03
8.290000000000001e-01	1.056816388135423e+03
8.300000000000001e-01	1.056816406515310e+03
8.310000000000001e-01	1.056816424777514e+03
8.320000000000001e-01	1.056816442923276e+03
8.330000000000000e-01	1.056816460953818e+03
8.340000000000000e-01	1.056816478870343e+03
8.350000000000000e-01	1.056816496674039e+03
8.360000000000000e-01	1.056816514366075e+03
8.370000000000000e-01	1.056816531947603e+03
8.380000000000000e-01	1.056816549419760e+03
8.390000000000000e-01	1.056816566783665e+03
8.400000000000000e-01	1.056816584040421e+03
8.410000000000000e-01	1.056816601191117e+03
8.420000000000000e-01	1.056816618236825e+03
8.430000000000000e-01	1.056816635178601e+03
8.440000000000000e-01	1.056816652017490e+03
8.450000000000000e-01	1.056816668754518e+03
8.460000000000000e-01	1.056816685390699e+03
8.470000000000000e-01	1.056816701927033e+03
8.480000000000000e-01	1.056816718364505e+03
8.490000000000000e-01	1.056816734704087e+03
8.500000000000000e-01	1.056816750946739e+03
8.510000000000000e-01	1.056816767093405e+03
8.520000000000000e-01	1.056816783145019e+03
8.530000000000000e-01	1.056816799102500e+03
8.540000000000000e-01	1.056816814966757e+03
8.550000000000000e-01	1.056816830738685e+03
8.560000000000000e-01	1.056816846419168e+03
8.570000000000000e-01	1.056816862009077e+03
8.580000000000000e-01	1.056816877509272e+03
8.590000000000000e-01	1.056816892920602e+03
8.600000000000000e-01	1.056816908243906e+03
8.610000000000000e-01	1.056816923480009e+03
8.620000000000000e-01	1.056816938629727e+03
8.630000000000000e-01	1.056816953693865e+03
8.640000000000000e-01	1.056816968673219e+03
8.650000000000000e-01	1.056816983568572e+03
8.660000000000000e-01	1.056816998380699e+03
8.670000000000000e-01	1.056817013110364e+03
8.680000000000000e-01	1.056817027758322e+03
8.690000000000000e-01	1.056817042325317e+03
8.700000000000000e-01	1.056817056812085e+03
8.710000000000000e-01	1.056817071219352e+03
8.720000000000000e-01	1.056817085547836e+03
8.730000000000000e-01	1.056817099798244e+03
8.740000000000000e-01	1.056817113971276e+03
8.750000000000000e-01	1.056817128067622e+03
8.760000000000000e-01	1.056817142087963e+03
8.770000000000000e-01	1.056817156032974e+03
8.780000000000000e-01	1.056817169903319e+03
8.790000000000000e-01	1.056817183699655e+03
8.800000000000000e-01	1.056817197422631e+03
8.810000000000000e-01	1.056817211072889e+03
8.820000000000000e-01	1.056817224651060e+03
8.830000000000000e-01	1.056817238157772e+03
8.840000000000000e-01	1.056817251593641e+03
8.850000000000000e-01	1.056817264959278e+03
8.860000000000000e-01	1.056817278255287e+03
8.870000000000000e-01	1.056817291482263e+03
8.880000000000000e-01	1.056817304640796e+03
8.890000000000000e-01	1.056817317731466e+03
8.900000000000000e-01	1.056817330754850e+03
8.910000000000000e-01	1.056817343711514e+03
8.920000000000000e-01	1.056817356602022e+03
8.930000000000000e-01	1.056817369426928e+03
8.940000000000000e-01	1.056817382186779e+03
8.950000000000000e-01	1.056817394882119e+03
8.960000000000000e-01	1.056817407513483e+03
8.970000000000000e-01	1.056817420081401e+03
8.980000000000000e-01	1.056817432586397e+03
8.990000000000000e-01	1.056817445028986e+03
9.000000000000000e-01	1.056817457409683e+03
9.010000000000000e-01	1.056817469728991e+03
9.020000000000000e-01	1.056817481987411e+03
9.030000000000000e-01	1.056817494185438e+03
9.040000000000000e-01	1.056817506323560e+03
9.050000000000000e-01	1.056817518402260e+03
9.060000000000000e-01	1.056817530422016e+03
9.070000000000000e-01	1.056817542383302e+03
9.080000000000000e-01	1.056817554286583e+03
9.090000000000000e-01	1.056817566132321e+03
9.100000000000000e-01	1.056817577920975e+03
9.110000000000000e-01	1.056817589652995e+03
9.120000000000000e-01	1.056817601328829e+03
9.130000000000000e-01	1.056817612948918e+03
9.140000000000000e-01	1.056817624513700e+03
9.150000000000000e-01	1.056817636023607e+03
9.160000000000000e-01	1.056817647479066e+03
9.170000000000000e-01	1.056817658880500e+03
9.180000000000000e-01	1.056817670228329e+03
9.190000000000000e-01	1.056817681522966e+03
9.200000000000000e-01	1.056817692764821e+03
9.210000000000000e-01	1.056817703954298e+03
9.220000000000000e-01	1.056817715091798e+03
9.230000000000000e-01	1.056817726177718e+03
9.240000000000000e-01	1.056817737212450e+03
9.250000000000000e-01	1.056817748196383e+03
9.260000000000000e-01	1.056817759129900e+03
9.270000000000000e-01	1.056817770013382e+03
9.280000000000000e-01	1.056817780847204e+03
9.290000000000000e-01	1.056817791631739e+03
9.300000000000000e-01	1.056817802367354e+03
9.310000000000000e-01	1.056817813054415e+03
9.320000000000001e-01	1.056817823693282e+03
9.330000000000001e-01	1.056817834284311e+03
9.340000000000001e-01	1.056817844827857e+03
9.350000000000001e-01	1.056817855324268e+03
9.360000000000001e-01	1.056817865773891e+03
9.370000000000001e-01	1.056817876177067e+03
9.380000000000001e-01	1.056817886534137e+03
9.390000000000001e-01	1.056817896845436e+03
9.400000000000001e-01	1.056817907111296e+03
9.410000000000001e-01	1.056817917332045e+03
9.420000000000001e-01	1.056817927508009e+03
9.430000000000001e-01	1.056817937639511e+03
9.440000000000001e-01	1.056817947726869e+03
9.450000000000001e-01	1.056817957770400e+03
9.460000000000001e-01	1.056817967770415e+03
9.470000000000001e-01	1.056817977727225e+03
9.480000000000001e-01	1.056817987641136e+03
9.490000000000001e-01	1.056817997512451e+03
9.500000000000001e-01	1.056818007341472e+03
9.510000000000001e-01	1.056818017128495e+03
9.520000000000001e-01	1.056818026873815e+03
9.530000000000001e-01	1.056818036577725e+03
9.540000000000001e-01	1.056818046240512e+03
9.550000000000001e-01	1.056818055862463e+03
9.560000000000001e-01	1.056818065443862e+03
9.570000000000001e-01	1.056818074984989e+03
9.580000000000001e-01	1.056818084486123e+03
9.590000000000001e-01	1.056818093947537e+03
9.600000000000000e-01	1.056818103369505e+03
9.610000000000000e-01	1.056818112752298e+03
9.620000000000000e-01	1.056818122096181e+03
9.630000000000000e-01	1.056818131401421e+03
9.640000000000000e-01	1.056818140668280e+03
9.650000000000000e-01	1.056818149897018e+03
9.660000000000000e-01	1.056818159087891e+03
9.670000000000000e-01	1.056818168241156e+03
9.680000000000000e-01	1.056818177357065e+03
9.690000000000000e-01	1.056818186435868e+03
9.700000000000000e-01	1.056818195477812e+03
9.710000000000000e-01	1.056818204483145e+03
9.720000000000000e-01	1.056818213452108e+03
9.730000000000000e-01	1.056818222384944e+03
9.740000000000000e-01	1.056818231281892e+03
9.750000000000000e-01	1.056818240143187e+03
9.760000000000000e-01	1.056818248969065e+03
9.770000000000000e-01	1.056818257759758e+03
9.780000000000000e-01	1.056818266515497e+03
9.790000000000000e-01	1.056818275236508e+03
9.800000000000000e-01	1.056818283923020e+03
9.810000000000000e-01	1.056818292575254e+03
9.820000000000000e-01	1.056818301193435e+03
9.830000000000000e-01	1.056818309777781e+03
9.840000000000000e-01	1.056818318328511e+03
9.850000000000000e-01	1.056818326845840e+03
9.860000000000000e-01	1.056818335329984e+03
9.870000000000000e-01	1.056818343781154e+03
9.880000000000000e-01	1.056818352199561e+03
9.890000000000000e-01	1.056818360585413e+03
9.900000000000000e-01	1.056818368938918e+03
9.910000000000000e-01	1.056818377260278e+03
9.920000000000000e-01	1.056818385549699e+03
9.930000000000000e-01	1.056818393807380e+03
9.940000000000000e-01	1.056818402033522e+03
9.950000000000000e-01	1.056818410228323e+03
9.960000000000000e-01	1.056818418391978e+03
9.970000000000000e-01	1.056818426524681e+03
9.980000000000000e-01	1.056818434626626e+03
9.990000000000000e-01	1.056818442698002e+03
1.000000000000000e+00	1.056818450739001e+03
1.001000000000000e+00	1.056818458749808e+03
1.002000000000000e+00	1.056818466730611e+03
1.003000000000000e+00	1.056818474681593e+03
1.004000000000000e+00	1.056818482602939e+03
1.005000000000000e+00	1.056818490494828e+03
1.006000000000000e+00	1.056818498357441e+03
1.007000000000000e+00	1.056818506190956e+03
1.008000000000000e+00	1.056818513995550e+03
1.009000000000000e+00	1.056818521771398e+03
1.010000000000000e+00	1.056818529518673e+03
1.011000000000000e+00	1.056818537237549e+03
1.012000000000000e+00	1.056818544928196e+03
1.013000000000000e+00	1.056818552590784e+03
1.014000000000000e+00	1.056818560225480e+03
1.015000000000000e+00	1.056818567832451e+03
1.016000000000000e+00	1.056818575411862e+03
1.017000000000000e+00	1.056818582963878e+03
1.018000000000000e+00	1.056818590488661e+03
1.019000000000000e+00	1.056818597986372e+03
1.020000000000000e+00	1.056818605457171e+03
1.021000000000000e+00	1.056818612901216e+03
1.022000000000000e+00	1.056818620318664e+03
1.023000000000000e+00	1.056818627709673e+03
1.024000000000000e+00	1.056818635074396e+03
1.025000000000000e+00	1.056818642412986e+03
1.026000000000000e+00	1.056818649725597e+03
1.027000000000000e+00	1.056818657012378e+03
1.028000000000000e+00	1.056818664273480e+03
1.029000000000000e+00	1.056818671509051e+03
1.030000000000000e+00	1.056818678719239e+03
1.031000000000000e+00	1.056818685904188e+03
1.032000000000000e+00	1.056818693064046e+03
1.033000000000000e+00	1.056818700198955e+03
1.034000000000000e+00	1.056818707309058e+03
1.035000000000000e+00	1.056818714394496e+03
1.036000000000000e+00	1.056818721455411e+03
1.037000000000000e+00	1.056818728491941e+03
1.038000000000000e+00	1.056818735504224e+03
1.039000000000000e+00	1.056818742492398e+03
1.040000000000000e+00	1.056818749456598e+03
1.041000000000000e+00	1.056818756396960e+03
1.042000000000000e+00	1.056818763313618e+03
1.043000000000000e+00	1.056818770206703e+03
1.044000000000000e+00	1.056818777076350e+03
1.045000000000000e+00	1.056818783922686e+03
1.046000000000000e+00	1.056818790745844e+03
1.047000000000000e+00	1.056818797545950e+03
1.048000000000000e+00	1.056818804323135e+03
1.049000000000000e+00	1.056818811077523e+03
1.050000000000000e+00	1.056818817809241e+03
1.051000000000000e+00	1.056818824518414e+03
1.052000000000000e+00	1.056818831205165e+03
1.053000000000000e+00	1.056818837869618e+03
1.054000000000000e+00	1.056818844511895e+03
1.055000000000000e+00	1.056818851132116e+03
1.056000000000000e+00	1.056818857730402e+03
1.057000000000000e+00	1.056818864306872e+03
1.058000000000000e+00	1.056818870861644e+03
1.059000000000000e+00	1.056818877394836e+03
1.060000000000000e+00	1.056818883906564e+03
1.061000000000000e+00	1.056818890396945e+03
1.062000000000000e+00	1.056818896866092e+03
1.063000000000000e+00	1.056818903314120e+03
1.064000000000000e+00	1.056818909741143e+03
1.065000000000000e+00	1.056818916147271e+03
1.066000000000000e+00	1.056818922532617e+03
1.067000000000000e+00	1.056818928897292e+03
1.068000000000000e+00	1.056818935241404e+03
1.069000000000000e+00	1.056818941565064e+03
1.070000000000000e+00	1.056818947868379e+03
1.071000000000000e+00	1.056818954151456e+03
1.072000000000000e+00	1.056818960414403e+03
1.073000000000000e+00	1.056818966657324e+03
1.074000000000000e+00	1.056818972880326e+03
1.075000000000000e+00	1.056818979083512e+03
1.076000000000000e+00	1.056818985266986e+03
1.077000000000000e+00	1.056818991430850e+03
1.078000000000000e+00	1.056818997575207e+03
1.079000000000000e+00	1.056819003700157e+03
1.080000000000000e+00	1.056819009805802e+03
1.081000000000000e+00	1.056819015892241e+03
1.082000000000000e+00	1.056819021959574e+03
1.083000000000000e+00	1.056819028007898e+03
1.084000000000000e+00	1.056819034037311e+03
1.085000000000000e+00	1.056819040047911e+03
1.086000000000000e+00	1.056819046039794e+03
1.087000000000000e+00	1.056819052013054e+03
1.088000000000000e+00	1.056819057967788e+03
1.089000000000000e+00	1.056819063904089e+03
1.090000000000000e+00	1.056819069822051e+03
1.091000000000000e+00	1.056819075721767e+03
1.092000000000000e+00	1.056819081603329e+03
1.093000000000000e+00	1.056819087466828e+03
1.094000000000000e+00	1.056819093312357e+03
1.095000000000000e+00	1.056819099140004e+03
1.096000000000000e+00	1.056819104949861e+03
1.097000000000000e+00	1.056819110742015e+03
1.098000000000000e+00	1.056819116516555e+03
1.099000000000000e+00	1.056819122273570e+03
1.100000000000000e+00	1.056819128013145e+03
1.101000000000000e+00	1.056819133735369e+03
1.102000000000000e+00	1.056819139440327e+03
1.103000000000000e+00	1.056819145128104e+03
1.104000000000000e+00	1.056819150798785e+03
1.105000000000000e+00	1.056819156452455e+03
1.106000000000000e+00	1.056819162089197e+03
1.107000000000000e+00	1.056819167709094e+03
1.108000000000000e+00	1.056819173312229e+03
1.109000000000000e+00	1.056819178898684e+03
1.110000000000000e+00	1.056819184468540e+03
1.111000000000000e+00	1.056819190021878e+03
1.112000000000000e+00	1.056819195558779e+03
1.113000000000000e+00	1.056819201079322e+03
1.114000000000000e+00	1.056819206583586e+03
1.115000000000000e+00	1.056819212071651e+03
1.116000000000000e+00	1.056819217543593e+03
1.117000000000000e+00	1.056819222999492e+03
1.118000000000000e+00	1.056819228439424e+03
1.119000000000000e+00	1.056819233863465e+03
1.120000000000000e+00	1.056819239271692e+03
1.121000000000000e+00	1.056819244664181e+03
1.122000000000000e+00	1.056819250041006e+03
1.123000000000000e+00	1.056819255402242e+03
1.124000000000000e+00	1.056819260747963e+03
1.125000000000000e+00	1.056819266078243e+03
1.126000000000000e+00	1.056819271393155e+03
1.127000000000000e+00	1.056819276692771e+03
1.128000000000000e+00	1.056819281977164e+03
1.129000000000000e+00	1.056819287246405e+03
1.130000000000000e+00	1.056819292500566e+03
1.131000000000000e+00	1.056819297739716e+03
1.132000000000000e+00	1.056819302963928e+03
1.133000000000000e+00	1.056819308173269e+03
1.134000000000000e+00	1.056819313367811e+03
1.135000000000000e+00	1.056819318547621e+03
1.136000000000000e+00	1.056819323712768e+03
1.137000000000000e+00	1.056819328863321e+03
1.138000000000000e+00	1.056819333999346e+03
1.139000000000000e+00	1.056819339120912e+03
1.140000000000000e+00	1.056819344228083e+03
1.141000000000000e+00	1.056819349320928e+03
1.142000000000000e+00	1.056819354399512e+03
1.143000000000000e+00	1.056819359463900e+03
1.144000000000000e+00	1.056819364514157e+03
1.145000000000000e+00	1.056819369550348e+03
1.146000000000000e+00	1.056819374572537e+03
1.147000000000000e+00	1.056819379580788e+03
1.148000000000000e+00	1.056819384575164e+03
1.149000000000000e+00	1.056819389555729e+03
1.150000000000000e+00	1.056819394522544e+03
1.151000000000000e+00	1.056819399475673e+03
1.152000000000000e+00	1.056819404415176e+03
1.153000000000000e+00	1.056819409341115e+03
1.154000000000000e+00	1.056819414253552e+03
1.155000000000000e+00	1.056819419152547e+03
1.156000000000000e+00	1.056819424038160e+03
1.157000000000000e+00	1.056819428910451e+03
1.158000000000000e+00	1.056819433769479e+03
1.159000000000000e+00	1.056819438615305e+03
1.160000000000000e+00	1.056819443447986e+03
1.161000000000000e+00	1.056819448267580e+03
1.162000000000000e+00	1.056819453074147e+03
1.163000000000000e+00	1.056819457867743e+03
1.164000000000000e+00	1.056819462648427e+03
1.165000000000000e+00	1.056819467416255e+03
1.166000000000000e+00	1.056819472171283e+03
1.167000000000000e+00	1.056819476913568e+03
1.168000000000000e+00	1.056819481643166e+03
1.169000000000000e+00	1.056819486360132e+03
1.170000000000000e+00	1.056819491064522e+03
1.171000000000000e+00	1.056819495756391e+03
1.172000000000000e+00	1.056819500435793e+03
1.173000000000000e+00	1.056819505102783e+03
1.174000000000000e+00	1.056819509757414e+03
1.175000000000000e+00	1.056819514399740e+03
1.176000000000000e+00	1.056819519029814e+03
1.177000000000000e+00	1.056819523647690e+03
1.178000000000000e+00	1.056819528253419e+03
1.179000000000000e+00	1.056819532847055e+03
1.180000000000000e+00	1.056819537428649e+03
1.181000000000000e+00	1.056819541998253e+03
1.182000000000000e+00	1.056819546555918e+03
1.183000000000000e+00	1.056819551101696e+03
1.184000000000000e+00	1.056819555635637e+03
1.185000000000000e+00	1.056819560157791e+03
1.186000000000000e+00	1.056819564668210e+03
1.187000000000000e+00	1.056819569166941e+03
1.188000000000000e+00	1.056819573654037e+03
1.189000000000000e+00	1.056819578129545e+03
1.190000000000000e+00	1.056819582593514e+03
1.191000000000000e+00	1.056819587045994e+03
1.192000000000000e+00	1.056819591487032e+03
1.193000000000000e+00	1.056819595916678e+03
1.194000000000000e+00	1.056819600334978e+03
1.195000000000000e+00	1.056819604741980e+03
1.196000000000000e+00	1.056819609137732e+03
1.197000000000000e+00	1.056819613522280e+03
1.198000000000000e+00	1.056819617895672e+03
1.199000000000000e+00	1.056819622257954e+03
1.200000000000000e+00	1.056819626609171e+03
1.201000000000000e+00	1.056819630949371e+03
1.202000000000000e+00	1.056819635278598e+03
1.203000000000000e+00	1.056819639596898e+03
1.204000000000000e+00	1.056819643904317e+03
1.205000000000000e+00	1.056819648200898e+03
1.206000000000000e+00	1.056819652486687e+03
1.207000000000000e+00	1.056819656761729e+03
1.208000000000000e+00	1.056819661026066e+03
1.209000000000000e+00	1.056819665279744e+03
1.210000000000000e+00	1.056819669522805e+03
1.211000000000000e+00	1.056819673755293e+03
1.212000000000000e+00	1.056819677977251e+03
1.213000000000000e+00	1.056819682188723e+03
1.214000000000000e+00	1.056819686389750e+03
1.215000000000000e+00	1.056819690580375e+03
1.216000000000000e+00	1.056819694760640e+03
1.217000000000000e+00	1.056819698930588e+03
1.218000000000000e+00	1.056819703090259e+03
1.219000000000000e+00	1.056819707239696e+03
1.220000000000000e+00	1.056819711378939e+03
1.221000000000000e+00	1.056819715508029e+03
1.222000000000000e+00	1.056819719627008e+03
1.223000000000000e+00	1.056819723735915e+03
1.224000000000000e+00	1.056819727834792e+03
1.225000000000000e+00	1.056819731923677e+03
1.226000000000000e+00	1.056819736002611e+03
1.227000000000000e+00	1.056819740071634e+03
1.228000000000000e+00	1.056819744130785e+03
1.229000000000000e+00	1.056819748180102e+03
1.230000000000000e+00	1.056819752219626e+03
1.231000000000000e+00	1.056819756249395e+03
1.232000000000000e+00	1.056819760269447e+03
1.233000000000000e+00	1.056819764279821e+03
1.234000000000000e+00	1.056819768280555e+03
1.235000000000000e+00	1.056819772271686e+03
1.236000000000000e+00	1.056819776253253e+03
1.237000000000000e+00	1.056819780225293e+03
1.238000000000000e+00	1.056819784187843e+03
1.239000000000000e+00	1.056819788140940e+03
1.240000000000000e+00	1.056819792084621e+03
1.241000000000000e+00	1.056819796018924e+03
1.242000000000000e+00	1.056819799943884e+03
1.243000000000000e+00	1.056819803859537e+03
1.244000000000000e+00	1.056819807765920e+03
1.245000000000000e+00	1.056819811663069e+03
1.246000000000000e+00	1.056819815551019e+03
1.247000000000000e+00	1.056819819429806e+03
1.248000000000000e+00	1.056819823299465e+03
1.249000000000000e+00	1.056819827160031e+03
1.250000000000000e+00	1.056819831011540e+03
1.251000000000000e+00	1.056819834854025e+03
1.252000000000000e+00	1.056819838687522e+03
1.253000000000000e+00	1.056819842512065e+03
1.254000000000000e+00	1.056819846327689e+03
1.255000000000000e+00	1.056819850134426e+03
1.256000000000000e+00	1.056819853932311e+03
1.257000000000000e+00	1.056819857721378e+03
1.258000000000000e+00	1.056819861501660e+03
1.259000000000000e+00	1.056819865273190e+03
1.260000000000000e+00	1.056819869036002e+03
1.261000000000000e+00	1.056819872790128e+03
1.262000000000000e+00	1.056819876535602e+03
1.263000000000000e+00	1.056819880272455e+03
1.264000000000000e+00	1.056819884000721e+03
1.265000000000000e+00	1.056819887720431e+03
1.266000000000000e+00	1.056819891431618e+03
1.267000000000000e+00	1.056819895134314e+03
1.268000000000000e+00	1.056819898828549e+03
1.269000000000000e+00	1.056819902514357e+03
1.270000000000000e+00	1.056819906191768e+03
1.271000000000000e+00	1.056819909860814e+03
1.272000000000000e+00	1.056819913521525e+03
1.273000000000000e+00	1.056819917173934e+03
1.274000000000000e+00	1.056819920818069e+03
1.275000000000000e+00	1.056819924453963e+03
1.276000000000000e+00	1.056819928081645e+03
1.277000000000000e+00	1.056819931701146e+03
1.278000000000000e+00	1.056819935312496e+03
1.279000000000000e+00	1.056819938915724e+03
1.280000000000000e+00	1.056819942510862e+03
1.281000000000000e+00	1.056819946097938e+03
1.282000000000000e+00	1.056819949676982e+03
1.283000000000000e+00	1.056819953248024e+03
1.284000000000000e+00	1.056819956811092e+03
1.285000000000000e+00	1.056819960366216e+03
1.286000000000000e+00	1.056819963913425e+03
1.287000000000000e+00	1.056819967452747e+03
1.288000000000000e+00	1.056819970984211e+03
1.289000000000000e+00	1.056819974507846e+03
1.290000000000000e+00	1.056819978023680e+03
1.291000000000000e+00	1.056819981531741e+03
1.292000000000000e+00	1.056819985032058e+03
1.293000000000000e+00	1.056819988524658e+03
1.294000000000000e+00	1.056819992009568e+03
1.295000000000000e+00	1.056819995486818e+03
1.296000000000000e+00	1.056819998956433e+03
1.297000000000000e+00	1.056820002418442e+03
1.298000000000000e+00	1.056820005872872e+03
1.299000000000000e+00	1.056820009319750e+03
1.300000000000000e+00	1.056820012759102e+03
1.301000000000000e+00	1.056820016190956e+03
1.302000000000000e+00	1.056820019615339e+03
1.303000000000000e+00	1.056820023032276e+03
1.304000000000000e+00	1.056820026441795e+03
1.305000000000000e+00	1.056820029843921e+03
1.306000000000000e+00	1.056820033238681e+03
1.307000000000000e+00	1.056820036626102e+03
1.308000000000000e+00	1.056820040006208e+03
1.309000000000000e+00	1.056820043379025e+03
1.310000000000000e+00	1.056820046744580e+03
1.311000000000000e+00	1.056820050102898e+03
1.312000000000000e+00	1.056820053454004e+03
1.313000000000000e+00	1.056820056797923e+03
1.314000000000000e+00	1.056820060134681e+03
1.315000000000000e+00	1.056820063464303e+03
1.316000000000000e+00	1.056820066786813e+03
1.317000000000000e+00	1.056820070102237e+03
1.318000000000000e+00	1.056820073410598e+03
1.319000000000000e+00	1.056820076711923e+03
1.320000000000000e+00	1.056820080006234e+03
1.321000000000000e+00	1.056820083293557e+03
1.322000000000000e+00	1.056820086573915e+03
1.323000000000000e+00	1.056820089847333e+03
1.324000000000000e+00	1.056820093113834e+03
1.325000000000000e+00	1.056820096373443e+03
1.326000000000000e+00	1.056820099626184e+03
1.327000000000000e+00	1.056820102872079e+03
1.328000000000000e+00	1.056820106111152e+03
1.329000000000000e+00	1.056820109343427e+03
1.330000000000000e+00	1.056820112568928e+03
1.331000000000000e+00	1.056820115787676e+03
1.332000000000000e+00	1.056820118999696e+03
1.333000000000000e+00	1.056820122205009e+03
1.334000000000000e+00	1.056820125403640e+03
1.335000000000000e+00	1.056820128595611e+03
1.336000000000000e+00	1.056820131780944e+03
1.337000000000000e+00	1.056820134959662e+03
1.338000000000000e+00	1.056820138131788e+03
1.339000000000000e+00	1.056820141297343e+03
1.340000000000000e+00	1.056820144456350e+03
1.341000000000000e+00	1.056820147608830e+03
1.342000000000000e+00	1.056820150754807e+03
1.343000000000000e+00	1.056820153894302e+03
1.344000000000000e+00	1.056820157027336e+03
1.345000000000000e+00	1.056820160153932e+03
1.346000000000000e+00	1.056820163274110e+03
1.347000000000000e+00	1.056820166387893e+03
1.348000000000000e+00	1.056820169495301e+03
1.349000000000000e+00	1.056820172596357e+03
1.350000000000000e+00	1.056820175691081e+03
1.351000000000000e+00	1.056820178779494e+03
1.352000000000000e+00	1.056820181861617e+03
1.353000000000000e+00	1.056820184937472e+03
1.354000000000000e+00	1.056820188007079e+03
1.355000000000000e+00	1.056820191070458e+03
1.356000000000000e+00	1.056820194127630e+03
1.357000000000000e+00	1.056820197178617e+03
1.358000000000000e+00	1.056820200223437e+03
1.359000000000000e+00	1.056820203262112e+03
1.360000000000000e+00	1.056820206294662e+03
1.361000000000000e+00	1.056820209321107e+03
1.362000000000000e+00	1.056820212341466e+03
1.363000000000000e+00	1.056820215355761e+03
1.364000000000000e+00	1.056820218364010e+03
1.365000000000000e+00	1.056820221366233e+03
1.366000000000000e+00	1.056820224362451e+03
1.367000000000000e+00	1.056820227352682e+03
1.368000000000000e+00	1.056820230336947e+03
1.369000000000000e+00	1.056820233315264e+03
1.370000000000000e+00	1.056820236287653e+03
1.371000000000000e+00	1.056820239254133e+03
1.372000000000000e+00	1.056820242214724e+03
1.373000000000000e+00	1.056820245169444e+03
1.374000000000000e+00	1.056820248118313e+03
1.375000000000000e+00	1.056820251061348e+03
1.376000000000000e+00	1.056820253998570e+03
1.377000000000000e+00	1.056820256929997e+03
1.378000000000000e+00	1.056820259855647e+03
1.379000000000000e+00	1.056820262775539e+03
1.380000000000000e+00	1.056820265689691e+03
1.381000000000000e+00	1.056820268598122e+03
1.382000000000000e+00	1.056820271500851e+03
1.383000000000000e+00	1.056820274397894e+03
1.384000000000000e+00	1.056820277289271e+03
1.385000000000000e+00	1.056820280174999e+03
1.386000000000000e+00	1.056820283055097e+03
1.387000000000000e+00	1.056820285929583e+03
1.388000000000000e+00	1.056820288798473e+03
1.389000000000000e+00	1.056820291661787e+03
1.390000000000000e+00	1.056820294519541e+03
1.391000000000000e+00	1.056820297371753e+03
1.392000000000000e+00	1.056820300218441e+03
1.393000000000000e+00	1.056820303059622e+03
1.394000000000000e+00	1.056820305895314e+03
1.395000000000000e+00	1.056820308725533e+03
1.396000000000000e+00	1.056820311550297e+03
1.397000000000000e+00	1.056820314369624e+03
1.398000000000000e+00	1.056820317183529e+03
1.399000000000000e+00	1.056820319992031e+03
1.400000000000000e+00	1.056820322795146e+03
1.401000000000000e+00	1.056820325592890e+03
1.402000000000000e+00	1.056820328385281e+03
1.403000000000000e+00	1.056820331172335e+03
1.404000000000000e+00	1.056820333954069e+03
1.405000000000000e+00	1.056820336730500e+03
1.406000000000000e+00	1.056820339501643e+03
1.407000000000000e+00	1.056820342267516e+03
1.408000000000000e+00	1.056820345028134e+03
1.409000000000000e+00	1.056820347783514e+03
1.410000000000000e+00	1.056820350533672e+03
1.411000000000000e+00	1.056820353278624e+03
1.412000000000000e+00	1.056820356018386e+03
1.413000000000000e+00	1.056820358752974e+03
1.414000000000000e+00	1.056820361482405e+03
1.415000000000000e+00	1.056820364206693e+03
1.416000000000000e+00	1.056820366925855e+03
1.417000000000000e+00	1.056820369639906e+03
1.418000000000000e+00	1.056820372348862e+03
1.419000000000000e+00	1.056820375052738e+03
1.420000000000000e+00	1.056820377751551e+03
1.421000000000000e+00	1.056820380445315e+03
1.422000000000000e+00	1.056820383134046e+03
1.423000000000000e+00	1.056820385817759e+03
1.424000000000000e+00	1.056820388496470e+03
1.425000000000000e+00	1.056820391170193e+03
1.426000000000000e+00	1.056820393838943e+03
1.427000000000000e+00	1.056820396502736e+03
1.428000000000000e+00	1.056820399161588e+03
1.429000000000000e+00	1.056820401815511e+03
1.430000000000000e+00	1.056820404464522e+03
1.431000000000000e+00	1.056820407108635e+03
1.432000000000000e+00	1.056820409747866e+03
1.433000000000000e+00	1.056820412382227e+03
1.434000000000000e+00	1.056820415011736e+03
1.435000000000000e+00	1.056820417636404e+03
1.436000000000000e+00	1.056820420256249e+03
1.437000000000000e+00	1.056820422871283e+03
1.438000000000000e+00	1.056820425481520e+03
1.439000000000000e+00	1.056820428086977e+03
1.440000000000000e+00	1.056820430687666e+03
1.441000000000000e+00	1.056820433283601e+03
1.442000000000000e+00	1.056820435874798e+03
1.443000000000000e+00	1.056820438461270e+03
1.444000000000000e+00	1.056820441043031e+03
1.445000000000000e+00	1.056820443620094e+03
1.446000000000000e+00	1.056820446192475e+03
1.447000000000000e+00	1.056820448760186e+03
1.448000000000000e+00	1.056820451323242e+03
1.449000000000000e+00	1.056820453881655e+03
1.450000000000000e+00	1.056820456435441e+03
1.451000000000000e+00	1.056820458984612e+03
1.452000000000000e+00	1.056820461529182e+03
1.453000000000000e+00	1.056820464069165e+03
1.454000000000000e+00	1.056820466604574e+03
1.455000000000000e+00	1.056820469135422e+03
1.456000000000000e+00	1.056820471661722e+03
1.457000000000000e+00	1.056820474183489e+03
1.458000000000000e+00	1.056820476700735e+03
1.459000000000000e+00	1.056820479213473e+03
1.460000000000000e+00	1.056820481721717e+03
1.461000000000000e+00	1.056820484225479e+03
1.462000000000000e+00	1.056820486724773e+03
1.463000000000000e+00	1.056820489219611e+03
1.464000000000000e+00	1.056820491710007e+03
1.465000000000000e+00	1.056820494195973e+03
1.466000000000000e+00	1.056820496677522e+03
1.467000000000000e+00	1.056820499154667e+03
1.468000000000000e+00	1.056820501627421e+03
1.469000000000000e+00	1.056820504095795e+03
1.470000000000000e+00	1.056820506559804e+03
1.471000000000000e+00	1.056820509019458e+03
1.472000000000000e+00	1.056820511474772e+03
1.473000000000000e+00	1.056820513925757e+03
1.474000000000000e+00	1.056820516372425e+03
1.475000000000000e+00	1.056820518814789e+03
1.476000000000000e+00	1.056820521252862e+03
1.477000000000000e+00	1.056820523686656e+03
1.478000000000000e+00	1.056820526116182e+03
1.479000000000000e+00	1.056820528541453e+03
1.480000000000000e+00	1.056820530962480e+03
1.481000000000000e+00	1.056820533379277e+03
1.482000000000000e+00	1.056820535791855e+03
1.483000000000000e+00	1.056820538200227e+03
1.484000000000000e+00	1.056820540604402e+03
1.485000000000000e+00	1.056820543004395e+03
1.486000000000000e+00	1.056820545400217e+03
1.487000000000000e+00	1.056820547791878e+03
1.488000000000000e+00	1.056820550179392e+03
1.489000000000000e+00	1.056820552562770e+03
1.490000000000000e+00	1.056820554942023e+03
1.491000000000000e+00	1.056820557317163e+03
1.492000000000000e+00	1.056820559688202e+03
1.493000000000000e+00	1.056820562055151e+03
1.494000000000000e+00	1.056820564418021e+03
1.495000000000000e+00	1.056820566776824e+03
1.496000000000000e+00	1.056820569131571e+03
1.497000000000000e+00	1.056820571482274e+03
1.498000000000000e+00	1.056820573828944e+03
1.499000000000000e+00	1.056820576171592e+03
1.500000000000000e+00	1.056820578510229e+03
1.501000000000000e+00	1.056820580844867e+03
1.502000000000000e+00	1.056820583175516e+03
1.503000000000000e+00	1.056820585502188e+03
1.504000000000000e+00	1.056820587824893e+03
1.505000000000000e+00	1.056820590143642e+03
1.506000000000000e+00	1.056820592458447e+03
1.507000000000000e+00	1.056820594769319e+03
1.508000000000000e+00	1.056820597076268e+03
1.509000000000000e+00	1.056820599379305e+03
1.510000000000000e+00	1.056820601678440e+03
1.511000000000000e+00	1.056820603973686e+03
1.512000000000000e+00	1.056820606265051e+03
1.513000000000000e+00	1.056820608552547e+03
1.514000000000000e+00	1.056820610836185e+03
1.515000000000000e+00	1.056820613115975e+03
1.516000000000000e+00	1.056820615391926e+03
1.517000000000000e+00	1.056820617664051e+03
1.518000000000000e+00	1.056820619932360e+03
1.519000000000000e+00	1.056820622196862e+03
1.520000000000000e+00	1.056820624457568e+03
1.521000000000000e+00	1.056820626714489e+03
1.522000000000000e+00	1.056820628967634e+03
1.523000000000000e+00	1.056820631217014e+03
1.524000000000000e+00	1.056820633462640e+03
1.525000000000000e+00	1.056820635704521e+03
1.526000000000000e+00	1.056820637942667e+03
1.527000000000000e+00	1.056820640177089e+03
1.528000000000000e+00	1.056820642407797e+03
1.529000000000000e+00	1.056820644634800e+03
1.530000000000000e+00	1.056820646858109e+03
1.531000000000000e+00	1.056820649077733e+03
1.532000000000000e+00	1.056820651293683e+03
1.533000000000000e+00	1.056820653505967e+03
1.534000000000000e+00	1.056820655714597e+03
1.535000000000000e+00	1.056820657919582e+03
1.536000000000000e+00	1.056820660120932e+03
1.537000000000000e+00	1.056820662318655e+03
1.538000000000000e+00	1.056820664512763e+03
1.539000000000000e+00	1.056820666703265e+03
1.540000000000000e+00	1.056820668890169e+03
1.541000000000000e+00	1.056820671073486e+03
1.542000000000000e+00	1.056820673253226e+03
1.543000000000000e+00	1.056820675429398e+03
1.544000000000000e+00	1.056820677602011e+03
1.545000000000000e+00	1.056820679771075e+03
1.546000000000000e+00	1.056820681936598e+03
1.547000000000000e+00	1.056820684098592e+03
1.548000000000000e+00	1.056820686257063e+03
1.549000000000000e+00	1.056820688412024e+03
1.550000000000000e+00	1.056820690563481e+03
1.551000000000000e+00	1.056820692711446e+03
1.552000000000000e+00	1.056820694855926e+03
1.553000000000000e+00	1.056820696996931e+03
1.554000000000000e+00	1.056820699134469e+03
1.555000000000000e+00	1.056820701268551e+03
1.556000000000000e+00	1.056820703399186e+03
1.557000000000000e+00	1.056820705526381e+03
1.558000000000000e+00	1.056820707650146e+03
1.559000000000000e+00	1.056820709770491e+03
1.560000000000000e+00	1.056820711887424e+03
1.561000000000000e+00	1.056820714000953e+03
1.562000000000000e+00	1.056820716111089e+03
1.563000000000000e+00	1.056820718217839e+03
1.564000000000000e+00	1.056820720321213e+03
1.565000000000000e+00	1.056820722421219e+03
1.566000000000000e+00	1.056820724517865e+03
1.567000000000000e+00	1.056820726611161e+03
1.568000000000000e+00	1.056820728701115e+03
1.569000000000000e+00	1.056820730787737e+03
1.570000000000000e+00	1.056820732871034e+03
1.571000000000000e+00	1.056820734951015e+03
1.572000000000000e+00	1.056820737027688e+03
1.573000000000000e+00	1.056820739101063e+03
1.574000000000000e+00	1.056820741171147e+03
1.575000000000000e+00	1.056820743237949e+03
1.576000000000000e+00	1.056820745301478e+03
1.577000000000000e+00	1.056820747361741e+03
1.578000000000000e+00	1.056820749418748e+03
1.579000000000000e+00	1.056820751472506e+03
1.580000000000000e+00	1.056820753523025e+03
1.581000000000000e+00	1.056820755570311e+03
1.582000000000000e+00	1.056820757614373e+03
1.583000000000000e+00	1.056820759655221e+03
1.584000000000000e+00	1.056820761692861e+03
1.585000000000000e+00	1.056820763727301e+03
1.586000000000000e+00	1.056820765758551e+03
1.587000000000000e+00	1.056820767786618e+03
1.588000000000000e+00	1.056820769811510e+03
1.589000000000000e+00	1.056820771833236e+03
1.590000000000000e+00	1.056820773851802e+03
1.591000000000000e+00	1.056820775867218e+03
1.592000000000000e+00	1.056820777879491e+03
1.593000000000000e+00	1.056820779888629e+03
1.594000000000000e+00	1.056820781894640e+03
1.595000000000000e+00	1.056820783897532e+03
1.596000000000000e+00	1.056820785897312e+03
1.597000000000000e+00	1.056820787893989e+03
1.598000000000000e+00	1.056820789887571e+03
1.599000000000000e+00	1.056820791878064e+03
1.600000000000000e+00	1.056820793865477e+03
1.601000000000000e+00	1.056820795849817e+03
1.602000000000000e+00	1.056820797831093e+03
1.603000000000000e+00	1.056820799809311e+03
1.604000000000000e+00	1.056820801784480e+03
1.605000000000000e+00	1.056820803756607e+03
1.606000000000000e+00	1.056820805725700e+03
1.607000000000000e+00	1.056820807691765e+03
1.608000000000000e+00	1.056820809654811e+03
1.609000000000000e+00	1.056820811614846e+03
1.610000000000000e+00	1.056820813571876e+03
1.611000000000000e+00	1.056820815525909e+03
1.612000000000000e+00	1.056820817476952e+03
1.613000000000000e+00	1.056820819425013e+03
1.614000000000000e+00	1.056820821370100e+03
1.615000000000000e+00	1.056820823312219e+03
1.616000000000000e+00	1.056820825251378e+03
1.617000000000000e+00	1.056820827187584e+03
1.618000000000000e+00	1.056820829120845e+03
1.619000000000000e+00	1.056820831051167e+03
1.620000000000000e+00	1.056820832978558e+03
1.621000000000000e+00	1.056820834903025e+03
1.622000000000000e+00	1.056820836824576e+03
1.623000000000000e+00	1.056820838743216e+03
1.624000000000000e+00	1.056820840658954e+03
1.625000000000000e+00	1.056820842571797e+03
1.626000000000000e+00	1.056820844481751e+03
1.627000000000000e+00	1.056820846388824e+03
1.628000000000000e+00	1.056820848293023e+03
1.629000000000000e+00	1.056820850194354e+03
1.630000000000000e+00	1.056820852092825e+03
1.631000000000000e+00	1.056820853988442e+03
1.632000000000000e+00	1.056820855881214e+03
1.633000000000000e+00	1.056820857771145e+03
1.634000000000000e+00	1.056820859658244e+03
1.635000000000000e+00	1.056820861542516e+03
1.636000000000000e+00	1.056820863423970e+03
1.637000000000000e+00	1.056820865302612e+03
1.638000000000000e+00	1.056820867178448e+03
1.639000000000000e+00	1.056820869051485e+03
1.640000000000000e+00	1.056820870921731e+03
1.641000000000000e+00	1.056820872789191e+03
1.642000000000000e+00	1.056820874653872e+03
1.643000000000000e+00	1.056820876515782e+03
1.644000000000000e+00	1.056820878374927e+03
1.645000000000000e+00	1.056820880231313e+03
1.646000000000000e+00	1.056820882084947e+03
1.647000000000000e+00	1.056820883935835e+03
1.648000000000000e+00	1.056820885783985e+03
1.649000000000000e+00	1.056820887629402e+03
1.650000000000000e+00	1.056820889472094e+03
1.651000000000000e+00	1.056820891312066e+03
1.652000000000000e+00	1.056820893149325e+03
1.653000000000000e+00	1.056820894983878e+03
1.654000000000000e+00	1.056820896815731e+03
1.655000000000000e+00	1.056820898644891e+03
1.656000000000000e+00	1.056820900471363e+03
1.657000000000000e+00	1.056820902295155e+03
1.658000000000000e+00	1.056820904116272e+03
1.659000000000000e+00	1.056820905934721e+03
1.660000000000000e+00	1.056820907750508e+03
1.661000000000000e+00	1.056820909563639e+03
1.662000000000000e+00	1.056820911374121e+03
1.663000000000000e+00	1.056820913181960e+03
1.664000000000000e+00	1.056820914987162e+03
1.665000000000000e+00	1.056820916789734e+03
1.666000000000000e+00	1.056820918589681e+03
1.667000000000000e+00	1.056820920387010e+03
1.668000000000000e+00	1.056820922181727e+03
1.669000000000000e+00	1.056820923973838e+03
1.670000000000000e+00	1.056820925763348e+03
1.671000000000000e+00	1.056820927550265e+03
1.672000000000000e+00	1.056820929334594e+03
1.673000000000000e+00	1.056820931116341e+03
1.674000000000000e+00	1.056820932895513e+03
1.675000000000000e+00	1.056820934672114e+03
1.676000000000000e+00	1.056820936446152e+03
1.677000000000000e+00	1.056820938217632e+03
1.678000000000000e+00	1.056820939986560e+03
1.679000000000000e+00	1.056820941752943e+03
1.680000000000000e+00	1.056820943516785e+03
1.681000000000000e+00	1.056820945278093e+03
1.682000000000000e+00	1.056820947036873e+03
1.683000000000000e+00	1.056820948793130e+03
1.684000000000000e+00	1.056820950546870e+03
1.685000000000000e+00	1.056820952298100e+03
1.686000000000000e+00	1.056820954046825e+03
1.687000000000000e+00	1.056820955793050e+03
1.688000000000000e+00	1.056820957536782e+03
1.689000000000000e+00	1.056820959278026e+03
1.690000000000000e+00	1.056820961016788e+03
1.691000000000000e+00	1.056820962753073e+03
1.692000000000000e+00	1.056820964486888e+03
1.693000000000000e+00	1.056820966218238e+03
1.694000000000000e+00	1.056820967947129e+03
1.695000000000000e+00	1.056820969673566e+03
1.696000000000000e+00	1.056820971397554e+03
1.697000000000000e+00	1.056820973119100e+03
1.698000000000000e+00	1.056820974838208e+03
1.699000000000000e+00	1.056820976554886e+03
1.700000000000000e+00	1.056820978269137e+03
1.701000000000000e+00	1.056820979980968e+03
1.702000000000000e+00	1.056820981690385e+03
1.703000000000000e+00	1.056820983397391e+03
1.704000000000000e+00	1.056820985101994e+03
1.705000000000000e+00	1.056820986804198e+03
1.706000000000000e+00	1.056820988504009e+03
1.707000000000000e+00	1.056820990201432e+03
1.708000000000000e+00	1.056820991896473e+03
1.709000000000000e+00	1.056820993589137e+03
1.710000000000000e+00	1.056820995279430e+03
1.711000000000000e+00	1.056820996967356e+03
1.712000000000000e+00	1.056820998652921e+03
1.713000000000000e+00	1.056821000336131e+03
1.714000000000000e+00	1.056821002016991e+03
1.715000000000000e+00	1.056821003695506e+03
1.716000000000000e+00	1.056821005371680e+03
1.717000000000000e+00	1.056821007045521e+03
1.718000000000000e+00	1.056821008717032e+03
1.719000000000000e+00	1.056821010386219e+03
1.720000000000000e+00	1.056821012053087e+03
1.721000000000000e+00	1.056821013717641e+03
1.722000000000000e+00	1.056821015379888e+03
1.723000000000000e+00	1.056821017039830e+03
1.724000000000000e+00	1.056821018697475e+03
1.725000000000000e+00	1.056821020352826e+03
1.726000000000000e+00	1.056821022005889e+03
1.727000000000000e+00	1.056821023656669e+03
1.728000000000000e+00	1.056821025305171e+03
1.729000000000000e+00	1.056821026951401e+03
1.730000000000000e+00	1.056821028595362e+03
1.731000000000000e+00	1.056821030237061e+03
1.732000000000000e+00	1.056821031876502e+03
1.733000000000000e+00	1.056821033513691e+03
1.734000000000000e+00	1.056821035148631e+03
1.735000000000000e+00	1.056821036781329e+03
1.736000000000000e+00	1.056821038411788e+03
1.737000000000000e+00	1.056821040040015e+03
1.738000000000000e+00	1.056821041666014e+03
1.739000000000000e+00	1.056821043289789e+03
1.740000000000000e+00	1.056821044911346e+03
1.741000000000000e+00	1.056821046530690e+03
1.742000000000000e+00	1.056821048147825e+03
1.743000000000000e+00	1.056821049762756e+03
1.744000000000000e+00	1.056821051375488e+03
1.745000000000000e+00	1.056821052986026e+03
1.746000000000000e+00	1.056821054594375e+03
1.747000000000000e+00	1.056821056200540e+03
1.748000000000000e+00	1.056821057804525e+03
1.749000000000000e+00	1.056821059406334e+03
1.750000000000000e+00	1.056821061005973e+03
1.751000000000000e+00	1.056821062603447e+03
1.752000000000000e+00	1.056821064198760e+03
1.753000000000000e+00	1.056821065791917e+03
1.754000000000000e+00	1.056821067382922e+03
1.755000000000000e+00	1.056821068971780e+03
1.756000000000000e+00	1.056821070558496e+03
1.757000000000000e+00	1.056821072143075e+03
1.758000000000000e+00	1.056821073725520e+03
1.759000000000000e+00	1.056821075305837e+03
1.760000000000000e+00	1.056821076884031e+03
1.761000000000000e+00	1.056821078460105e+03
1.762000000000000e+00	1.056821080034065e+03
1.763000000000000e+00	1.056821081605915e+03
1.764000000000000e+00	1.056821083175659e+03
1.765000000000000e+00	1.056821084743303e+03
1.766000000000000e+00	1.056821086308850e+03
1.767000000000000e+00	1.056821087872304e+03
1.768000000000000e+00	1.056821089433672e+03
1.769000000000000e+00	1.056821090992956e+03
1.770000000000000e+00	1.056821092550162e+03
1.771000000000000e+00	1.056821094105294e+03
1.772000000000000e+00	1.056821095658356e+03
1.773000000000000e+00	1.056821097209353e+03
1.774000000000000e+00	1.056821098758288e+03
1.775000000000000e+00	1.056821100305168e+03
1.776000000000000e+00	1.056821101849995e+03
1.777000000000000e+00	1.056821103392775e+03
1.778000000000000e+00	1.056821104933511e+03
1.779000000000000e+00	1.056821106472208e+03
1.780000000000000e+00	1.056821108008870e+03
1.781000000000000e+00	1.056821109543502e+03
1.782000000000000e+00	1.056821111076108e+03
1.783000000000000e+00	1.056821112606692e+03
1.784000000000000e+00	1.056821114135259e+03
1.785000000000000e+00	1.056821115661812e+03
1.786000000000000e+00	1.056821117186356e+03
1.787000000000000e+00	1.056821118708896e+03
1.788000000000000e+00	1.056821120229435e+03
1.789000000000000e+00	1.056821121747977e+03
1.790000000000000e+00	1.056821123264527e+03
1.791000000000000e+00	1.056821124779090e+03
1.792000000000000e+00	1.056821126291668e+03
1.793000000000000e+00	1.056821127802267e+03
1.794000000000000e+00	1.056821129310891e+03
1.795000000000000e+00	1.056821130817543e+03
1.796000000000000e+00	1.056821132322228e+03
1.797000000000000e+00	1.056821133824949e+03
1.798000000000000e+00	1.056821135325712e+03
1.799000000000000e+00	1.056821136824520e+03
1.800000000000000e+00	1.056821138321377e+03
1.801000000000000e+00	1.056821139816287e+03
1.802000000000000e+00	1.056821141309254e+03
1.803000000000000e+00	1.056821142800283e+03
1.804000000000000e+00	1.056821144289377e+03
1.805000000000000e+00	1.056821145776541e+03
1.806000000000000e+00	1.056821147261777e+03
1.807000000000000e+00	1.056821148745091e+03
1.808000000000000e+00	1.056821150226487e+03
1.809000000000000e+00	1.056821151705968e+03
1.810000000000000e+00	1.056821153183538e+03
1.811000000000000e+00	1.056821154659201e+03
1.812000000000000e+00	1.056821156132962e+03
1.813000000000000e+00	1.056821157604823e+03
1.814000000000000e+00	1.056821159074790e+03
1.815000000000000e+00	1.056821160542866e+03
1.816000000000000e+00	1.056821162009054e+03
1.817000000000000e+00	1.056821163473359e+03
1.818000000000000e+00	1.056821164935785e+03
1.819000000000000e+00	1.056821166396335e+03
1.820000000000000e+00	1.056821167855014e+03
1.821000000000000e+00	1.056821169311824e+03
1.822000000000000e+00	1.056821170766770e+03
1.823000000000000e+00	1.056821172219856e+03
1.824000000000000e+00	1.056821173671086e+03
1.825000000000000e+00	1.056821175120463e+03
1.826000000000000e+00	1.056821176567991e+03
1.827000000000000e+00	1.056821178013674e+03
1.828000000000000e+00	1.056821179457516e+03
1.829000000000000e+00	1.056821180899520e+03
1.830000000000000e+00	1.056821182339690e+03
1.831000000000000e+00	1.056821183778031e+03
1.832000000000000e+00	1.056821185214544e+03
1.833000000000000e+00	1.056821186649235e+03
1.834000000000000e+00	1.056821188082107e+03
1.835000000000000e+00	1.056821189513164e+03
1.836000000000000e+00	1.056821190942409e+03
1.837000000000000e+00	1.056821192369846e+03
1.838000000000000e+00	1.056821193795479e+03
1.839000000000000e+00	1.056821195219311e+03
1.840000000000000e+00	1.056821196641346e+03
1.841000000000000e+00	1.056821198061587e+03
1.842000000000000e+00	1.056821199480039e+03
1.843000000000000e+00	1.056821200896705e+03
1.844000000000000e+00	1.056821202311588e+03
1.845000000000000e+00	1.056821203724691e+03
1.846000000000000e+00	1.056821205136020e+03
1.847000000000000e+00	1.056821206545577e+03
1.848000000000000e+00	1.056821207953365e+03
1.849000000000000e+00	1.056821209359388e+03
1.850000000000000e+00	1.056821210763650e+03
1.851000000000000e+00	1.056821212166155e+03
1.852000000000000e+00	1.056821213566905e+03
1.853000000000000e+00	1.056821214965905e+03
1.854000000000000e+00	1.056821216363157e+03
1.855000000000000e+00	1.056821217758666e+03
1.856000000000000e+00	1.056821219152434e+03
1.857000000000000e+00	1.056821220544466e+03
1.858000000000000e+00	1.056821221934764e+03
1.859000000000000e+00	1.056821223323332e+03
1.860000000000000e+00	1.056821224710174e+03
1.861000000000000e+00	1.056821226095293e+03
1.862000000000000e+00	1.056821227478692e+03
1.863000000000000e+00	1.056821228860374e+03
1.864000000000000e+00	1.056821230240344e+03
1.865000000000000e+00	1.056821231618605e+03
1.866000000000000e+00	1.056821232995160e+03
1.867000000000000e+00	1.056821234370012e+03
1.868000000000000e+00	1.056821235743164e+03
1.869000000000000e+00	1.056821237114621e+03
1.870000000000000e+00	1.056821238484385e+03
1.871000000000000e+00	1.056821239852460e+03
1.872000000000000e+00	1.056821241218848e+03
1.873000000000000e+00	1.056821242583555e+03
1.874000000000000e+00	1.056821243946581e+03
1.875000000000000e+00	1.056821245307932e+03
1.876000000000000e+00	1.056821246667610e+03
1.877000000000000e+00	1.056821248025618e+03
1.878000000000000e+00	1.056821249381961e+03
1.879000000000000e+00	1.056821250736640e+03
1.880000000000000e+00	1.056821252089660e+03
1.881000000000000e+00	1.056821253441023e+03
1.882000000000000e+00	1.056821254790733e+03
1.883000000000000e+00	1.056821256138793e+03
1.884000000000000e+00	1.056821257485206e+03
1.885000000000000e+00	1.056821258829976e+03
1.886000000000000e+00	1.056821260173105e+03
1.887000000000000e+00	1.056821261514597e+03
1.888000000000000e+00	1.056821262854455e+03
1.889000000000000e+00	1.056821264192682e+03
1.890000000000000e+00	1.056821265529282e+03
1.891000000000000e+00	1.056821266864257e+03
1.892000000000000e+00	1.056821268197610e+03
1.893000000000000e+00	1.056821269529345e+03
1.894000000000000e+00	1.056821270859465e+03
1.895000000000000e+00	1.056821272187974e+03
1.896000000000000e+00	1.056821273514873e+03
1.897000000000000e+00	1.056821274840166e+03
1.898000000000000e+00	1.056821276163857e+03
1.899000000000000e+00	1.056821277485948e+03
1.900000000000000e+00	1.056821278806443e+03
1.901000000000000e+00	1.056821280125345e+03
1.902000000000000e+00	1.056821281442656e+03
1.903000000000000e+00	1.056821282758379e+03
1.904000000000000e+00	1.056821284072518e+03
1.905000000000000e+00	1.056821285385076e+03
1.906000000000000e+00	1.056821286696056e+03
1.907000000000000e+00	1.056821288005461e+03
1.908000000000000e+00	1.056821289313293e+03
1.909000000000000e+00	1.056821290619557e+03
1.910000000000000e+00	1.056821291924254e+03
1.911000000000000e+00	1.056821293227388e+03
1.912000000000000e+00	1.056821294528962e+03
1.913000000000000e+00	1.056821295828978e+03
1.914000000000000e+00	1.056821297127440e+03
1.915000000000000e+00	1.056821298424351e+03
1.916000000000000e+00	1.056821299719713e+03
1.917000000000000e+00	1.056821301013531e+03
1.918000000000000e+00	1.056821302305805e+03
1.919000000000000e+00	1.056821303596540e+03
1.920000000000000e+00	1.056821304885739e+03
1.921000000000000e+00	1.056821306173403e+03
1.922000000000000e+00	1.056821307459537e+03
1.923000000000000e+00	1.056821308744143e+03
1.924000000000000e+00	1.056821310027224e+03
1.925000000000000e+00	1.056821311308783e+03
1.926000000000000e+00	1.056821312588823e+03
1.927000000000000e+00	1.056821313867346e+03
1.928000000000000e+00	1.056821315144355e+03
1.929000000000000e+00	1.056821316419854e+03
1.930000000000000e+00	1.056821317693845e+03
1.931000000000000e+00	1.056821318966331e+03
1.932000000000000e+00	1.056821320237315e+03
1.933000000000000e+00	1.056821321506799e+03
1.934000000000000e+00	1.056821322774787e+03
1.935000000000000e+00	1.056821324041280e+03
1.936000000000000e+00	1.056821325306283e+03
1.937000000000000e+00	1.056821326569798e+03
1.938000000000000e+00	1.056821327831827e+03
1.939000000000000e+00	1.056821329092374e+03
1.940000000000000e+00	1.056821330351441e+03
1.941000000000000e+00	1.056821331609030e+03
1.942000000000000e+00	1.056821332865146e+03
1.943000000000000e+00	1.056821334119790e+03
1.944000000000000e+00	1.056821335372965e+03
1.945000000000000e+00	1.056821336624673e+03
1.946000000000000e+00	1.056821337874919e+03
1.947000000000000e+00	1.056821339123703e+03
1.948000000000000e+00	1.056821340371030e+03
1.949000000000000e+00	1.056821341616902e+03
1.950000000000000e+00	1.056821342861321e+03
1.951000000000000e+00	1.056821344104289e+03
1.952000000000000e+00	1.056821345345811e+03
1.953000000000000e+00	1.056821346585888e+03
1.954000000000000e+00	1.056821347824524e+03
1.955000000000000e+00	1.056821349061720e+03
1.956000000000000e+00	1.056821350297479e+03
1.957000000000000e+00	1.056821351531805e+03
1.958000000000000e+00	1.056821352764699e+03
1.959000000000000e+00	1.056821353996165e+03
1.960000000000000e+00	1.056821355226205e+03
1.961000000000000e+00	1.056821356454821e+03
1.962000000000000e+00	1.056821357682017e+03
1.963000000000000e+00	1.056821358907795e+03
1.964000000000000e+00	1.056821360132157e+03
1.965000000000000e+00	1.056821361355106e+03
1.966000000000000e+00	1.056821362576645e+03
1.967000000000000e+00	1.056821363796775e+03
1.968000000000000e+00	1.056821365015501e+03
1.969000000000000e+00	1.056821366232824e+03
1.970000000000000e+00	1.056821367448747e+03
1.971000000000000e+00	1.056821368663272e+03
1.972000000000000e+00	1.056821369876403e+03
1.973000000000000e+00	1.056821371088141e+03
1.974000000000000e+00	1.056821372298489e+03
1.975000000000000e+00	1.056821373507450e+03
1.976000000000000e+00	1.056821374715026e+03
1.977000000000000e+00	1.056821375921219e+03
1.978000000000000e+00	1.056821377126033e+03
1.979000000000000e+00	1.056821378329469e+03
1.980000000000000e+00	1.056821379531531e+03
1.981000000000000e+00	1.056821380732220e+03
1.982000000000000e+00	1.056821381931539e+03
1.983000000000000e+00	1.056821383129492e+03
1.984000000000000e+00	1.056821384326079e+03
1.985000000000000e+00	1.056821385521303e+03
1.986000000000000e+00	1.056821386715168e+03
1.987000000000000e+00	1.056821387907675e+03
1.988000000000000e+00	1.056821389098827e+03
1.989000000000000e+00	1.056821390288627e+03
1.990000000000000e+00	1.056821391477076e+03
1.991000000000000e+00	1.056821392664178e+03
1.992000000000000e+00	1.056821393849934e+03
1.993000000000000e+00	1.056821395034347e+03
1.994000000000000e+00	1.056821396217420e+03
1.995000000000000e+00	1.056821397399154e+03
1.996000000000000e+00	1.056821398579553e+03
1.997000000000000e+00	1.056821399758619e+03
1.998000000000000e+00	1.056821400936353e+03
1.999000000000000e+00	1.056821402112759e+03
2.000000000000000e+00	1.056821403287839e+03
Time: 7.910600000000000e-02 sec
Time per step: 3.955300e-05 (s)	3.955300000000000e-05 (s/thread)
TFinal: 1.056821e+03
